368
811
604
259
341
730
269
332
631
280
439
663
597
665
764
470
526
380
395
379
847
571
495
431
679
257
511
773
373
785
530
251
476
764
450
314
498
573
404
501
507
603
723
632
348
219
714
501
557
486
565
362
686
532
718
431
542
264
623
196
712
410
248
205
186
310
232
714
628
528
262
718
605
473
170
376
343
738
567
720
317
682
569
177
723
776
706
770
493
726
342
592
370
220
224
282
724
392
485
461
341
503
471
418
447
596
632
505
394
769
381
321
164
392
419
598
560
201
491
752
757
208
270
231
345
198
606
541
692
542
504
686
466
181
246
537
190
556
492
173
138
423
158
126
215
608
386
297
581
349
204
587
539
424
442
87
337
512
101
599
511
479
492
392
234
649
353
188
373
696
698
498
313
321
463
445
229
61
428
490
652
488
690
452
573
564
85
667
311
159
519
44
199
138
421
452
122
397
240
588
62
368
387
127
219
416
415
461
401
416
401
644
181
129
336
88
33
365
475
657
164
93
306
416
263
150
296
217
199
31
80
154
612
397
321
446
167
603
263
465
485
268
588
157
33
627
84
33
557
443
365
443
178
513
205
200
443
240
521
506
175
29
352
485
578
84
111
332
454
234
491
271
257
39
78
108
467
593
249
226
-12
125
170
46
532
323
263
243
71
16
48
4
582
312
542
142
316
107
560
14
65
60
530
478
-29
100
332
531
440
390
-68
40
492
15
311
321
256
315
34
397
541
2
380
392
453
87
293
142
397
412
25
158
398
530
516
487
240
520
317
34
253
42
265
465
26
259
-67
2
267
-19
481
137
65
300
179
-117
22
199
228
228
167
147
511
327
387
210
380
-47
25
135
58
335
412
68
398
314
396
-73
462
-122
197
-119
203
490
277
219
-92
4
483
171
176
333
-21
348
458
-136
377
472
357
328
469
77
181
13
-53
445
221
17
161
86
-71
-69
-64
460
337
-179
-64
-56
67
116
-106
183
-9
-113
35
420
240
48
254
156
258
150
238
-197
-131
85
305
309
111
-49
-190
-82
204
102
243
209
298
302
376
250
-122
-71
-99
370
112
216
221
106
320
23
219
-59
283
-74
76
371
284
10
288
359
256
184
-30
-170
337
-198
-241
-40
-53
-38
317
363
-165
177
-166
121
382
196
8
-146
-121
-119
253
122
350
-3
-2
84
-23
372
251
-124
167
333
68
-184
-94
307
151
-42
-5
-196
217
-10
301
216
37
289
269
72
96
300
-274
33
-209
85
310
-22
134
331
260
340
-284
-83
-246
-145
0
51
118
-286
94
225
-154
19
-171
273
174
70
-169
201
53
105
-113
113
79
147
-160
37
141
-14
121
206
134
-49
224
135
292
4
-92
119
133
-225
285
-207
28
-80
36
-98
162
38
145
-134
-166
-105
63
-216
-150
209
111
-11
-315
104
284
138
-313
-274
154
-116
79
-10
33
188
-140
71
34
129
-149
-175
-48
170
243
73
-48
-26
-211
-200
-108
-151
92
-130
-299
53
29
-195
-216
-190
-358
-300
-131
182
123
84
-49
-106
-224
-370
130
-169
-95
120
63
-364
-392
146
-174
-12
-153
-276
-137
-388
-47
212
-179
94
-259
32
-80
-55
-230
60
-317
-254
-95
-319
117
-212
11
-142
-228
-98
156
187
-130
-211
-336
133
-378
147
-57
139
-105
16
-316
9
-278
35
-246
-388
169
-424
-307
90
-49
-360
83
-253
-103
-381
143
-463
25
133
-63
-419
-52
-251
-138
123
-113
96
-410
-248
142
-273
-310
-17
14
-412
-360
136
-18
2
-54
35
-192
-18
-160
-484
-461
32
146
-260
-452
-435
-334
20
-74
59
106
-277
-449
-469
-345
-176
-7
-101
-196
-312
-17
-239
14
-442
-440
-248
14
-439
-415
-421
-495
41
99
56
-85
-431
79
53
-453
-394
-111
81
-531
-486
-252
-107
-105
91
-41
-481
-353
-476
-543
62
-224
-153
-145
24
-379
-38
-130
-260
-177
-49
-96
-16
67
-208
-93
-560
-231
-348
-485
-562
-339
-318
-44
-194
-387
-521
-485
-427
-46
-373
-305
-63
-197
-294
-420
-116
-19
-16
-323
3
-390
-275
-361
-544
-382
-310
-53
-520
-141
-167
-132
-379
-500
-470
-327
32
-93
-295
-211
-154
-116
35
-116
-601
-40
-513
-359
-97
-418
-475
-376
-76
-339
-465
-245
-418
-255
-94
-381
-483
-141
-170
-439
-429
-236
-361
-399
-392
-80
-135
-635
-174
-278
-502
-433
-393
-542
-89
-269
-223
-643
-287
-144
-106
-492
-321
-192
-358
-396
-204
-428
-340
-547
-450
-286
-93
-284
-71
-488
-284
-79
-369
-50
-632
-166
-188
-156
-321
-383
-659
-383
-196
-565
-673
-113
-221
-610
-307
-632
-202
-513
-528
-378
-519
-275
-397
-569
-96
-349
-203
-443
-236
-179
-601
-617
-74
-668
-659
-515
-456
-94
-72
-538
-458
-605
-158
-574
-519
-656
-243
-616
-520
-688
-576
-225
-538
-149
-621
-664
-118
-431
-283
-727
-229
-730
-431
-631
-674
-332
-519
-664
-493
-445
-623
-280
-328
-423
-312
-270
-278
-117
-395
-286
-478
-445
-678
-703
-440
-533
-131
-424
-371
-266
-457
-509
-395
-409
-419
-656
-478
-502
-609
-461
-210
-146
-683
-194
-662
-377
-325
-181
-222
-185
-596
-140
-628
-719
-265
-386
-551
-149
-706
-492
-573
-158
-433
-761
-202
-518
-646
-425
-266
-263
-389
-244
-664
-231
-541
-321
-691
-615
-217
-166
-694
-638
-284
-502
-629
-308
-764
-639
-649
-182
-774
-757
-416
-670
-504
-261
-569
-727
-541
-824
-664
-734
-224
-206
-243
-570
-448
-447
-534
-273
-349
-662
-712
-313
-797
-247
-252
-824
-724
-327
-310
-712
-717
-234
-823
-613
-409
-760
-224
-470
-344
-361
-253
-429
-297
-282
-695
-563
-673
-766
-339
-367
-293
-582
-283
-351
-326
-583
-410
-784
-530
-722
-856
-322
-303
-461
-758
-540
-574
-437
-597
-410
-742
-607
-532
-839
-545
-862
-589
-723
-332
-712
-348
-683
-635
-488
-272
-778
-546
-668
-473
-593
-660
-714
-759
-832
-561
-886
-681
-882
-615
-772
-371
-822
-342
-588
-330
-820
-508
-731
-503
-924
-460
-569
-511
-319
-528
-446
-321
-498
-639
-767
-777
-857
-588
-570
-322
-620
-624
-579
-942
-761
-506
-805
-939
-722
-889
-710
-323
-423
-857
-854
-817
-941
-539
-589
-923
-788
-958
-544
-554
-780
-570
-967
-465
-612
-408
-855
-621
-602
-387
-658
-782
-839
-815
-571
-637
-588
-562
-931
-656
-789
-829
-462
-963
-870
-715
-628
-727
-946
-867
-758
-903
-877
-453
-676
-811
-518
-707
-940
-922
-840
-686
-874
-495
-613
-590
-526
-836
-568
-530
-986
-407
-687
-463
-483
-835
-978
-623
-637
-744
-844
-640
-856
-715
-930
-440
-662
-604
-822
-825
-999
-903
-911
-581
-727
-638
-626
-584
-628
-878
-1018
-805
-607
-888
-738
-926
-589
-844
-825
-752
-1020
-624
-1011
-493
-870
-583
-560
-575
-449
-636
-852
-971
-1029
-1005
-1042
-939
-961
-624
-530
-1056
-851
-678
-904
-477
-990
-978
-446
-845
-546
-1068
-717
-820
-487
-880
-791
-455
-503
-564
-842
-954
-775
-974
-925
-513
-476
-851
-876
-828
-657
-999
-693
-1033
-730
-1075
-1040
-1097
-510
-778
-787
-650
-1072
-659
-1123
-839
-608
-894
-807
-680
-899
-895
-1016
-838
-941
-965
-969
-730
-1041
-1068
-887
-930
-661
-574
-981
-768
-1058
-772
-897
-763
-861
-551
-838
-978
-956
-753
-1098
-637
-837
-873
-843
-1091
-987
-704
-971
-901
-762
-1067
-826
-1022
-914
-782
-1105
-769
-1156
-678
-1098
-721
-737
-861
-598
-891
-754
-779
-841
-542
-1140
-770
-775
-558
-998
-1132
-1082
-1053
-714
-662
-884
-588
-1011
-1115
-1198
-772
-883
-768
-1169
-1080
-686
-875
-820
-894
-771
-848
-920
-617
-965
-1134
-622
-780
-1098
-577
-1033
-1170
-1045
-1127
-927
-867
-1096
-1054
-1151
-915
-807
-633
-680
-950
-1116
-875
-1086
-652
-702
-1066
-891
-1087
-786
-936
-1048
-753
-1167
-1145
-615
-1198
-764
-734
-917
-733
-673
-637
-1078
-998
-761
-619
-1084
-752
-958
-699
-652
-924
-1255
-919
-1088
-1247
-1220
-1132
-1224
-632
-650
-910
-1045
-677
-682
-836
-1154
-1225
-866
-1003
-724
-1018
-838
-1178
-1040
-806
-1262
-1123
-1011
-679
-1262
-1008
-687
-1162
-690
-862
-787
-1189
-895
-946
-1257
-937
-832
-700
-729
-924
-836
-1113
-1165
-1155
-1236
-976
-1245
-997
-757
-1286
-737
-895
-977
-931
-776
-1259
-1008
-1149
-1196
-1124
-1001
-1293
-1217
-1226
-1017
-1148
-1183
-1112
-1191
-983
-1156
-1112
-1129
-1070
-1088
-1230
-783
-757
-1036
-1221
-981
-956
-1317
-1197
-1005
-935
-955
-1148
-779
-1123
-789
-857
-1031
-1074
-1246
-1279
-1117
-930
-970
-788
-1063
-1237
-981
-836
-918
-1296
-1182
-910
-1065
-1347
-817
-1352
-882
-1027
-1205
-819
-1010
-1205
-1296
-813
-967
-1147
-1366
-956
-915
-831
-878
-1354
-1197
-1064
-1245
-1019
-1041
-830
-1108
-1136
-775
-891
-996
-809
-1215
-1234
-1347
-1136
-890
-1181
-1079
-1258
-894
-1140
-947
-798
-1281
-867
-1163
-1140
-962
-1285
-843
-811
-903
-1199
-1254
-1182
-1382
-877
-1293
-1307
-844
-917
-816
-1375
-872
-958
-1090
-1085
-1346
-960
-990
-1035
-1141
-1443
-980
-867
-1132
-859
-1123
-1020
-927
-1072
-883
-1415
-1393
-865
-1022
-1323
-1252
-1084
-1411
-1045
-1393
-1183
-832
-1107
-1379
-1171
-1198
-1043
-1158
-1039
-1044
-1042
-1286
-1159
-907
-1122
-866
-1067
-1433
-1318
-1276
-1009
-931
-1344
-1181
-947
-1123
-1132
-1155
-1143
-999
-890
-1440
-1261
-1040
-1169
-1268
-973
-1430
-1118
-1223
-1229
-938
-1213
-928
-1354
-1190
-1040
-1475
-1379
-981
-1344
-1216
-1349
-1239
-1229
-1407
-1175
-1328
-915
-1312
-1511
-1076
-1504
-1462
-999
-1268
-1108
-1200
-899
-1065
-1363
-1464
-1456
-1211
-1144
-1131
-1054
-1227
-1401
-1421
-1441
-1028
-1509
-1368
-1169
-1416
-1416
-1335
-1214
-1241
-943
-1522
-1044
-1225
-1447
-1430
-1446
-1168
-1311
-969
-1239
-1073
-1244
-1008
-1310
-1080
-1491
-1332
-1336
-1561
-1401
-1153
-1401
-1289
-1003
-1371
-966
-1339
-1287
-949
-1414
-1317
-954
-1055
-1176
-1405
-1331
-1508
-1572
-1027
-1164
-1592
-1447
-1462
-1086
-1599
-1162
-1572
-1030
-1100
-1156
-1220
-1421
-1143
-1352
-1590
-1352
-1013
-999
-1317
-1402
-989
-1486
-1120
-1482
-1069
-1368
-1523
-1019
-1235
-1282
-1560
-1321
-1246
-1578
-1056
-1004
-1299
-1389
-1601
-1586
-1124
-1443
-1571
-1408
-1364
-1226
-1076
-1420
-1171
-1522
-1213
-1495
-1326
-1405
-1590
-1524
-1320
-1152
-1110
-1110
-1574
-1386
-1474
-1195
-1621
-1516
-1472
-1487
-1516
-1489
-1370
-1538
-1177
-1518
-1670
-1490
-1087
-1348
-1454
-1162
-1207
-1298
-1392
-1185
-1641
-1185
-1320
-1174
-1313
-1433
-1373
-1494
-1608
-1598
-1473
-1222
-1154
-1282
-1141
-1203
-1607
-1165
-1194
-1318
-1220
-1693
-1469
-1245
-1240
-1478
-1704
-1247
-1622
-1138
-1195
-1358
-1259
-1497
-1284
-1332
-1312
-1656
-1408
-1334
-1563
-1269
-1551
-1086
-1662
-1219
-1276
-1381
-1190
-1269
-1420
-1427
-1323
-1653
-1337
-1189
-1496
-1409
-1534
-1332
-1291
-1267
-1538
-1713
-1263
-1696
-1604
-1519
-1350
-1281
-1573
-1547
-1377
-1372
-1665
-1280
-1530
-1736
-1427
-1650
-1182
-1386
-1193
-1142
-1230
-1492
-1299
-1699
-1465
-1616
-1329
-1474
-1370
-1233
-1317
-1210
-1284
-1270
-1707
-1356
-1205
-1745
-1636
-1285
-1743
-1164
-1384
-1235
-1763
-1325
-1362
-1795
-1636
-1605
-1264
-1506
-1172
-1756
-1524
-1328
-1682
-1403
-1186
-1555
-1502
-1625
-1453
-1205
-1648
-1646
-1635
-1400
-1245
-1426
-1240
-1606
-1564
-1649
-1215
-1488
-1371
-1561
-1546
-1604
-1649
-1382
-1421
-1442
-1354
-1466
-1204
-1526
-1519
-1816
-1324
-1360
-1369
-1589
-1778
-1631
-1248
-1283
-1336
-1570
-1353
-1290
-1596
-1439
-1537
-1677
-1731
-1597
-1488
-1765
-1431
-1297
-1242
-1585
-1719
-1250
-1803
-1719
-1762
-1492
-1636
-1385
-1604
-1837
-1359
-1761
-1294
-1399
-1274
-1564
-1648
-1761
-1369
-1351
-1549
-1371
-1740
-1717
-1370
-1332
-1799
-1286
-1271
-1306
-1509
-1409
-1717
-1870
-1396
-1343
-1441
-1468
-1703
-1812
-1893
-1749
-1691
-1287
-1619
-1868
-1457
-1651
-1500
-1345
-1529
-1710
-1900
-1395
-1356
-1762
-1282
-1730
-1549
-1652
-1678
-1877
-1753
-1287
-1449
-1826
-1366
-1655
-1337
-1832
-1472
-1737
-1364
-1713
-1760
-1487
-1468
-1381
-1694
-1568
-1306
-1601
-1944
-1598
-1785
-1427
-1867
-1308
-1753
-1564
-1371
-1916
-1874
-1753
-1784
-1720
-1738
-1456
-1734
-1705
-1711
-1675
-1887
-1912
-1877
-1526
-1909
-1543
-1822
-1345
-1472
-1376
-1562
-1588
-1975
-1632
-1665
-1970
-1554
-1907
-1764
-1874
-1397
-1665
-1407
-1662
-1388
-1725
-1739
-1574
-1759
-1555
-1616
-1593
-1703
-1464
-1817
-1400
-1617
-1951
-1647
-1494
-1849
-1452
-1526
-1374
-1451
-1885
-1582
-1847
-1865
-1373
-1799
-1750
-1534
-1630
-1429
-1796
-1710
-1893
-1916
-2019
-1641
-1422
-1465
-1960
-1671
-1650
-1966
-1607
-1633
-1418
-1791
-1672
-1423
-1398
-1555
-1936
-1545
-1792
-1461
-1895
-1668
-1686
-1969
-1484
-1629
-1888
-1699
-1651
-1555
-1728
-1745
-1822
-1446
-1474
-1569
-1901
-1612
-1808
-1555
-1719
-1720
-1603
-1449
-1955
-1862
-1558
-1876
-1474
-1928
-1837
-1814
-1471
-1441
-1701
-1517
-1989
-1540
-1687
-1946
-1515
-1951
-1621
-1973
-1881
-1722
-1890
-1837
-1665
-1701
-1781
-1491
-1762
-1465
-1768
-1554
-1597
-1823
-1753
-1826
-1536
-1946
-2012
-1654
-1510
-1832
-1936
-1861
-1555
-1926
-1908
-1913
-1788
-1616
-1948
-1615
-1797
-2108
-1999
-1792
-1629
-1733
-2076
-2026
-1734
-1633
-1691
-1859
-2053
-1652
-1940
-2125
-2050
-1901
-2022
-1791
-1666
-1890
-2030
-1520
-1634
-2019
-1784
-1735
-1694
-1593
-1933
-1685
-1784
-1758
-1762
-2023
-1522
-1767
-1945
-1688
-1983
-1898
-1613
-1997
-2099
-1992
-1906
-1940
-1547
-1989
-1920
-1852
-2023
-1740
-2038
-1641
-2131
-1914
-1758
-1539
-1999
-1803
-1764
-1612
-1984
-1692
-1972
-1820
-1662
-1591
-2137
-2083
-1656
-2058
-1856
-2005
-1577
-1873
-1862
-2124
-2165
-2181
-1933
-2084
-2151
-1828
-1917
-2117
-1729
-1937
-1694
-1675
-2185
-1906
-1722
-2130
-1814
-1591
-1623
-1760
-2051
-1841
-1847
-2198
-2207
-2052
-1613
-1750
-2081
-1592
-1716
-1909
-1991
-1912
-1918
-2119
-2012
-2143
-2128
-1975
-1677
-2072
-1652
-1798
-2047
-1803
-2165
-1979
-2216
-2179
-1995
-2075
-2080
-2022
-1975
-1816
-2161
-1926
-1838
-1812
-2173
-2256
-2188
-1768
-2010
-2232
-2189
-1878
-1953
-1768
-1886
-2140
-1768
-1993
-2009
-2033
-2188
-1981
-2083
-1884
-2144
-2238
-2142
-2259
-1787
-1713
-1695
-1799
-1947
-2116
-2245
-1925
-1831
-1870
-1915
-2105
-2055
-2078
-2269
-2202
-1916
-1725
-1666
-2255
-1878
-1930
-1890
-1962
-1685
-2165
-1882
-2000
-2285
-2131
-2027
-1738
-1818
-2267
-1841
-1682
-2006
-2053
-1886
-1929
-1868
-2230
-1902
-2038
-2153
-2180
-1771
-1819
-2033
-1808
-1761
-2174
-1895
-1985
-1915
-2149
-1730
-1738
-2146
-1943
-1730
-1893
-2013
-2051
-2176
-1788
-1922
-1718
-2011
-1974
-2004
-1951
-1908
-2052
-2047
-1763
-1948
-1738
-1741
-1816
-2138
-2327
-2102
-1869
-1956
-2262
-2343
-2091
-2246
-1916
-2006
-2017
-1962
-1987
-2245
-2378
-2282
-2236
-1958
-2295
-2089
-1896
-2130
-1934
-2292
-2363
-2247
-1911
-1851
-2046
-2223
-1945
-2243
-1826
-2179
-2180
-2367
-1937
-2058
-2257
-1945
-2368
-1990
-1921
-1932
-1779
-2097
-2341
-2075
-2130
-2294
-2115
-2185
-2060
-2222
-2318
-2198
-2052
-2211
-2262
-2380
-2139
-2342
-2265
-2144
-2428
-2423
-2117
-2098
-1861
-2044
-2379
-2271
-2388
-2340
-2279
-2004
-2199
-2283
-2310
-2062
-2293
-2198
-2314
-2328
-2132
-2299
-2160
-1916
-2222
-2383
-2364
-2176
-2451
-2249
-2043
-2425
-2339
-2212
-2389
-2235
-2191
-1922
-2061
-1828
-2276
-2158
-2120
-2470
-1879
-1901
-2458
-2326
-2443
-2160
-2156
-2316
-2191
-2037
-2414
-2338
-2485
-1896
-2047
-2475
-2280
-2327
-1878
-2475
-2244
-2349
-2105
-2252
-2421
-1900
-2266
-2123
-1981
-2467
-2490
-2005
-2255
-2499
-2477
-2214
-2405
-1991
-2248
-2240
-2388
-2426
-2034
-2049
-2366
-2493
-2412
-1941
-2239
-2444
-2391
-2345
-2255
-2451
-1884
-2323
-2151
-2516
-2289
-1957
-2267
-2348
-1976
-2358
-2098
-2529
-2218
-2327
-2268
-1981
-2118
-2129
-2164
-2019
-2078
-2330
-2399
-2399
-1974
-1935
-2345
-1917
-2208
-2111
-2270
-2234
-2279
-1974
-2390
-2406
-2377
-2534
-2453
-1929
-2270
-2133
-2043
-2302
-2325
-2073
-2277
-2485
-2025
-2318
-2027
-2474
-2429
-2182
-2380
-2132
-2485
-2216
-2133
-2146
-2185
-1945
-2023
-2067
-2300
-2420
-2000
-2099
-1984
-2055
-2366
-2314
-2356
-2105
-2023
-2492
-2139
-2509
-2130
-2153
-2470
-2062
-2123
-2081
-2008
-2471
-2136
-2040
-2015
-2268
-2443
-2476
-2074
-2577
-2489
-2330
-2047
-2544
-2602
-2387
-2484
-2089
-2602
-2395
-1989
-2095
-2145
-2390
-2037
-2572
-2380
-2472
-2309
-2393
-2607
-2019
-2635
-2340
-2450
-2312
-2298
-2366
-2362
-2163
-2527
-2104
-2539
-2088
-2016
-2241
-2296
-2453
-2564
-2346
-2148
-2122
-2135
-2564
-2256
-2366
-2216
-2634
-2643
-2362
-2309
-2192
-2509
-2669
-2533
-2531
-2561
-2565
-2598
-2587
-2384
-2148
-2369
-2190
-2425
-2085
-2236
-2516
-2254
-2356
-2214
-2527
-2111
-2511
-2261
-2358
-2441
-2660
-2615
-2262
-2086
-2594
-2318
-2287
-2077
-2268
-2562
-2694
-2131
-2476
-2391
-2497
-2496
-2543
-2587
-2544
-2624
-2534
-2293
-2419
-2604
-2380
-2704
-2201
-2086
-2136
-2235
-2233
-2442
-2259
-2147
-2639
-2558
-2464
-2309
-2300
-2115
-2243
-2662
-2217
-2419
-2383
-2716
-2195
-2714
-2665
-2325
-2454
-2230
-2444
-2150
-2229
-2481
-2699
-2150
-2231
-2672
-2644
-2247
-2548
-2158
-2693
-2591
-2480
-2467
-2187
-2745
-2254
-2651
-2593
-2500
-2557
-2705
-2377
-2746
-2141
-2227
-2135
-2717
-2245
-2543
-2308
-2556
-2174
-2355
-2686
-2708
-2326
-2293
-2231
-2650
-2525
-2710
-2640
-2228
-2271
-2748
-2512
-2652
-2641
-2527
-2732
-2401
-2192
-2326
-2360
-2696
-2250
-2614
-2675
-2378
-2548
-2493
-2233
-2513
-2319
-2562
-2578
-2270
-2545
-2719
-2427
-2780
-2800
-2378
-2714
-2707
-2715
-2721
-2422
-2393
-2406
-2492
-2626
-2378
-2712
-2439
-2379
-2407
-2590
-2326
-2493
-2240
-2664
-2632
-2649
-2545
-2389
-2365
-2496
-2834
-2806
-2316
-2693
-2374
-2642
-2301
-2395
-2724
-2499
-2672
-2276
-2643
-2628
-2769
-2738
-2521
-2815
-2524
-2352
-2248
-2848
-2303
-2599
-2625
-2442
-2778
-2697
-2254
-2420
-2426
-2288
-2814
-2761
-2333
-2568
-2746
-2514
-2674
-2515
-2354
-2431
-2328
-2393
-2476
-2539
-2784
-2488
-2882
-2441
-2482
-2807
-2836
-2519
-2725
-2663
-2641
-2725
-2350
-2467
-2781
-2828
-2616
-2907
-2577
-2510
-2553
-2840
-2425
-2462
-2772
-2643
-2552
-2673
-2451
-2552
-2714
-2860
-2742
-2517
-2478
-2531
-2701
-2479
-2522
-2301
-2882
-2613
-2916
-2585
-2505
-2937
-2686
-2540
-2457
-2941
-2914
-2727
-2575
-2807
-2627
-2660
-2879
-2452
-2870
-2556
-2689
-2579
-2608
-2784
-2815
-2763
-2837
-2619
-2531
-2512
-2891
-2756
-2612
-2962
-2704
-2413
-2717
-2559
-2907
-2498
-2358
-2791
-2806
-2423
-2900
-2679
-2639
-2547
-2840
-2948
-2816
-2831
-2584
-2850
-2899
-2599
-2692
-2409
-2762
-2597
-2394
-2502
-2680
-2725
-2859
-2655
-2985
-2760
-2394
-2468
-2793
-2567
-2897
-2720
-2438
-3000
-2889
-2913
-2899
-2462
-2768
-2923
-2844
-2959
-2623
-2906
-2773
-2627
-2720
-2482
-2428
-2536
-2570
-2730
-2446
-2473
-2890
-2618
-2533
-2754
-2920
-2564
-2501
-2857
-2955
-2587
-2770
-2522
-2427
-2970
-2429
-2456
-2649
-2806
-2794
-2776
-2439
-2855
-2546
-2577
-2664
-2964
-2920
-2996
-2771
-3010
-2620
-2879
-2825
-2461
-2866
-2868
-2715
-2838
-2897
-2483
-2735
-2593
-2483
-2656
-2838
-2955
-2559
-2666
-2987
-2913
-2909
-2614
-2994
-2779
-3064
-2733
-2611
-2550
-2635
-2925
-2880
-3060
-3063
-2730
-3023
-2786
-2697
-2540
-2999
-2936
-2478
-2992
-3061
-2557
-2465
-2796
-3064
-2569
-3098
-2736
-3082
-2736
-2650
-2736
-2975
-3042
-2591
-2637
-2536
-2761
-2525
-2544
-2736
-2876
-2744
-3086
-2570
-2830
-2753
-2889
-2761
-2599
-3116
-2569
-2594
-2632
-3070
-3004
-2947
-2818
-2639
-2958
-3142
-3107
-3008
-2759
-3098
-2647
-2713
-2902
-3075
-2930
-2824
-2880
-2582
-2767
-2806
-2773
-2800
-3113
-2608
-3141
-2593
-2927
-2574
-3104
-2875
-3050
-2661
-2852
-2577
-2624
-2718
-2572
-3112
-2953
-2981
-2696
-2783
-2663
-2843
-2600
-3123
-2839
-3179
-2957
-3103
-2698
-2698
-2623
-2762
-2841
-2880
-3175
-3129
-2756
-3036
-2734
-3115
-3078
-3194
-2760
-2777
-2636
-2709
-2831
-2617
-2782
-3134
-2931
-3116
-2624
-2680
-2705
-3054
-2983
-2873
-3134
-2883
-3037
-2926
-2826
-3101
-2737
-2596
-2735
-2780
-2867
-2868
-3214
-2897
-2866
-2853
-2804
-2681
-2601
-2611
-2719
-2970
-3164
-2729
-2968
-3227
-2936
-2962
-2643
-2992
-2703
-3085
-3002
-2893
-3130
-2741
-3035
-3120
-2889
-3254
-3041
-3158
-2921
-3225
-2979
-2914
-2853
-3027
-3072
-3186
-2733
-2956
-2790
-2981
-3237
-3055
-2730
-3138
-2856
-2959
-2886
-3116
-2690
-2742
-2711
-3220
-2903
-2792
-3185
-2918
-2655
-2665
-2652
-2922
-2724
-2796
-3088
-3158
-2857
-2743
-2949
-2685
-2842
-3282
-3060
-3023
-2786
-3285
-3054
-2751
-3203
-2810
-3235
-2677
-3162
-3267
-2892
-2783
-3122
-2968
-3246
-2831
-2841
-3067
-3111
-2922
-2730
-2989
-3286
-3106
-3015
-3074
-2736
-3153
-2753
-2793
-3244
-3293
-3005
-2783
-2987
-3282
-3203
-3042
-3132
-3090
-3051
-2745
-3158
-3127
-2814
-3225
-3137
-2902
-2978
-2758
-3172
-2927
-3121
-3099
-3149
-3284
-2904
-3272
-3076
-2919
-3225
-3233
-2797
-2974
-3169
-3223
-3254
-3192
-3102
-2741
-2973
-3343
-3036
-3228
-3110
-2835
-3163
-3279
-3011
-3240
-2890
-3166
-3350
-3203
-3140
-2780
-3276
-3032
-3164
-3239
-3261
-2788
-2933
-2918
-2798
-2807
-3280
-3133
-3311
-3348
-3185
-2938
-3197
-3328
-2960
-3166
-3054
-3138
-2943
-2984
-3202
-3015
-2952
-3077
-2808
-3255
-2791
-3093
-3270
-2789
-3266
-2805
-3400
-3039
-3032
-3188
-3082
-2936
-3232
-3293
-2973
-2930
-2927
-2961
-3329
-3100
-3060
-3121
-2920
-3229
-3207
-3329
-2940
-3121
-3281
-2993
-3022
-3364
-3259
-3340
-3123
-3316
-2850
-3090
-3303
-3356
-3399
-2898
-3438
-3026
-2917
-3069
-2950
-3095
-3109
-3346
-3341
-3235
-3437
-3023
-3413
-3200
-3473
-3443
-2892
-3033
-3248
-2888
-3351
-2908
-2987
-3226
-3446
-2897
-3022
-3201
-2999
-3015
-3434
-3199
-3310
-3419
-2874
-3028
-2939
-3116
-2962
-2927
-3274
-3294
-3073
-3176
-3497
-3407
-3349
-3033
-3313
-2891
-3096
-3447
-3204
-3172
-3127
-3392
-3040
-2979
-3161
-3307
-3174
-3503
-3405
-2890
-3003
-2938
-3436
-3040
-2992
-3264
-3320
-3066
-3412
-2951
-3215
-3430
-3471
-2957
-3507
-3512
-3446
-3338
-2956
-2912
-3329
-2985
-3438
-3359
-3325
-2959
-3106
-3340
-3288
-3208
-3385
-3208
-2938
-3503
-2983
-3553
-3169
-3056
-3489
-3555
-2939
-3132
-3179
-3176
-3206
-2946
-3273
-3192
-3386
-3162
-3464
-3503
-3019
-3540
-3523
-3021
-3103
-3585
-3244
-3033
-3580
-3014
-3567
-3137
-3262
-3354
-3063
-3490
-3504
-3120
-3565
-3162
-3057
-3161
-3213
-3432
-3568
-2986
-3271
-3236
-3214
-3192
-3531
-3087
-3054
-3295
-3486
-3027
-3307
-3089
-3562
-3285
-3321
-3327
-3077
-3143
-3258
-3143
-3193
-3298
-3167
-3205
-2988
-3624
-3280
-3476
-3033
-3118
-3277
-3264
-3146
-3505
-3256
-3138
-3299
-3461
-3480
-3545
-3276
-3153
-3554
-3544
-3434
-3517
-3181
-3386
-3160
-3178
-3044
-3217
-3434
-3250
-3262
-3533
-3614
-3631
-3659
-3640
-3646
-3525
-3476
-3635
-3663
-3131
-3472
-3448
-3049
-3252
-3404
-3278
-3268
-3433
-3654
-3150
-3175
-3055
-3182
-3585
-3435
-3056
-3556
-3536
-3100
-3517
-3510
-3061
-3097
-3512
-3273
-3274
-3144
-3141
-3431
-3335
-3091
-3672
-3584
-3319
-3250
-3467
-3199
-3214
-3144
-3574
-3375
-3428
-3253
-3258
-3340
-3591
-3683
-3463
-3512
-3099
-3553
-3471
-3652
-3122
-3249
-3381
-3258
-3096
-3359
-3550
-3503
-3326
-3295
-3590
-3341
-3398
-3546
-3440
-3479
-3402
-3604
-3483
-3522
-3486
-3620
-3704
-3321
-3258
-3202
-3649
-3619
-3115
-3593
-3526
-3594
-3429
-3435
-3590
-3157
-3148
-3302
-3414
-3567
-3579
-3444
-3745
-3164
-3246
-3770
-3268
-3183
-3337
-3512
-3694
-3237
-3681
-3750
-3604
-3429
-3211
-3339
-3750
-3595
-3351
-3573
-3390
-3266
-3403
-3157
-3187
-3391
-3695
-3254
-3298
-3740
-3287
-3415
-3636
-3439
-3734
-3729
-3551
-3385
-3794
-3745
-3719
-3518
-3171
-3350
-3774
-3187
-3779
-3524
-3298
-3805
-3579
-3749
-3267
-3192
-3240
-3701
-3587
-3661
-3554
-3826
-3362
-3249
-3232
-3210
-3782
-3353
-3455
-3373
-3732
-3303
-3805
-3544
-3744
-3690
-3313
-3485
-3384
-3268
-3609
-3267
-3585
-3760
-3408
-3420
-3453
-3356
-3391
-3475
-3573
-3512
-3284
-3245
-3485
-3768
-3569
-3589
-3722
-3246
-3563
-3739
-3657
-3721
-3722
-3271
-3599
-3760
-3311
-3608
-3534
-3785
-3309
-3549
-3877
-3499
-3374
-3361
-3345
-3408
-3569
-3552
-3336
-3396
-3672
-3471
-3781
-3309
-3473
-3763
-3335
-3414
-3896
-3518
-3459
-3634
-3846
-3883
-3294
-3771
-3698
-3369
-3732
-3622
-3473
-3871
-3509
-3316
-3860
-3292
-3766
-3586
-3758
-3598
-3575
-3537
-3620
-3391
-3508
-3309
-3519
-3719
-3696
-3432
-3540
-3812
-3480
-3815
-3630
-3922
-3694
-3936
-3541
-3337
-3346
-3823
-3736
-3394
-3752
-3385
-3335
-3793
-3628
-3403
-3384
-3458
-3395
-3652
-3915
-3470
-3555
-3602
-3929
-3903
-3954
-3417
-3528
-3570
-3596
-3420
-3618
-3518
-3344
-3734
-3415
-3853
-3678
-3697
-3559
-3647
-3439
-3631
-3690
-3808
-3745
-3757
-3554
-3768
-3452
-3763
-3835
-3398
-3655
-3376
-3784
-3763
-3709
-3612
-3506
-3397
-3919
-3719
-3677
-3697
-3883
-3794
-3580
-3828
-3904
-3491
-3946
-3885
-3869
-3941
-3627
-3706
-3744
-3494
-3646
-4014
-3712
-3584
-3720
-3958
-3853
-3429
-3608
-3774
-4016
-3554
-3723
-3955
-3619
-3678
-3533
-3568
-3715
-3412
-3402
-3805
-3774
-3725
-3654
-3805
-3442
-3860
-3650
-3480
-3466
-3429
-3644
-3567
-3534
-3924
-3907
-3472
-3460
-3417
-3418
-3993
-3698
-3476
-3734
-3603
-3793
-3544
-3922
-3989
-3971
-3973
-3598
-3715
-3927
-3989
-3608
-3625
-3669
-3502
-4003
-4002
-4075
-3643
-3855
-3986
-4068
-3544
-3443
-3499
-3613
-4067
-3787
-3837
-3719
-3613
-3750
-3732
-3498
-3786
-3725
-3984
-3959
-3827
-3660
-3867
-3938
-3555
-4061
-3804
-3777
-3504
-3710
-4029
-3741
-3733
-3881
-3570
-3702
-3660
-3868
-3949
-4023
-3898
-3890
-3665
-3476
-3835
-3909
-4006
-4106
-3988
-3881
-3970
-3799
-3747
-3770
-3903
-3512
-3995
-3725
-3891
-4034
-3920
-3724
-4085
-3525
-3814
-3839
-4131
-4119
-3887
-3838
-4144
-3849
-3853
-3905
-3997
-3648
-3803
-3644
-4049
-3967
-3822
-4111
-3625
-3557
-3571
-3708
-3849
-3775
-3991
-3884
-3933
-3734
-3609
-3856
-3683
-3842
-4146
-3640
-3648
-3899
-3971
-4066
-3868
-3552
-3969
-3945
-4041
-4090
-3683
-4045
-3924
-3689
-3797
-3949
-3596
-3685
-3786
-4004
-3874
-3973
-3837
-3655
-4188
-3978
-3875
-3752
-4074
-3756
-3585
-3698
-4101
-3668
-3969
-3621
-3774
-3820
-4145
-4012
-4022
-4098
-4121
-3959
-4141
-3970
-4117
-4065
-3710
-3934
-4190
-3785
-4154
-3926
-4162
-3700
-3731
-3639
-3947
-4009
-3618
-4211
-3884
-4146
-4147
-3734
-4100
-3986
-4104
-3826
-4048
-3790
-3639
-3639
-4162
-3640
-4166
-4176
-3691
-4099
-4109
-3827
-3932
-3623
-4239
-3977
-3987
-4186
-4091
-4094
-3991
-4213
-4246
-4200
-3813
-4258
-4024
-3997
-3945
-4026
-4024
-4024
-3765
-4115
-3905
-3767
-4109
-4188
-4126
-4176
-4179
-3686
-3655
-3788
-4061
-3860
-4062
-4109
-4253
-4013
-3732
-4256
-3991
-4112
-3915
-3974
-4098
-3711
-4076
-4047
-4225
-4026
-3966
-3798
-4066
-3841
-3932
-3858
-3853
-3816
-4212
-3762
-3939
-3792
-4295
-4211
-4062
-3772
-4156
-3849
-4251
-3869
-3773
-3757
-3914
-4108
-3958
-3969
-3716
-3968
-3962
-3827
-4233
-4033
-3868
-4321
-3757
-4064
-4128
-4324
-4117
-4199
-3974
-4276
-3706
-4268
-3855
-4181
-3889
-4320
-3940
-3760
-3735
-4120
-3956
-4206
-4108
-3725
-3838
-4168
-4152
-3724
-3837
-3992
-4348
-3867
-3995
-4112
-3981
-3801
-3972
-4191
-3926
-3981
-4069
-3863
-3767
-4237
-3786
-4020
-4327
-3900
-3875
-4023
-4085
-4265
-4329
-4105
-4138
-3869
-4183
-4192
-4383
-3806
-4040
-4360
-4025
-4030
-3869
-4107
-3818
-3804
-3902
-4119
-3829
-4157
-4043
-4385
-4183
-3993
-4360
-4057
-4003
-3868
-4008
-4107
-4364
-4311
-3949
-3877
-4422
-4038
-3843
-4413
-3964
-3954
-4410
-4130
-4074
-4360
-4161
-3859
-4223
-4431
-4030
-4069
-4213
-4248
-4348
-4021
-3881
-3939
-4049
-4224
-4132
-4235
-4022
-4035
-4086
-4448
-3933
-4359
-4341
-4063
-3916
-3861
-4258
-4376
-4314
-3851
-4235
-4059
-4261
-3931
-4119
-4014
-4042
-3904
-3887
-4392
-4066
-4147
-3959
-3975
-3987
-3956
-4018
-4271
-4353
-4009
-4139
-4473
-4126
-3851
-4239
-3978
-4434
-4189
-4043
-3891
-4064
-4406
-4122
-4056
-3910
-4429
-3998
-3908
-4277
-4252
-4504
-3992
-4372
-4230
-4363
-3961
-4098
-3875
-4097
-4325
-3956
-4077
-3994
-4266
-3938
-4194
-4022
-4439
-4325
-4202
-3988
-4097
-4448
-4253
-3896
-3902
-4301
-4165
-4369
-4429
-4191
-4339
-4302
-4278
-3956
-3901
-3924
-4135
-4342
-4292
-4015
-3951
-4377
-4340
-4083
-4213
-4127
-4359
-4542
-4502
-4510
-4217
-4346
-4211
-4393
-4280
-3928
-3996
-4040
-4305
-4235
-3960
-4040
-4500
-3963
-4280
-4282
-3948
-4373
-3942
-4514
-4477
-4124
-4160
-4355
-4169
-4279
-4067
-4412
-4270
-3963
-4433
-4511
-4293
-4243
-4431
-4216
-4262
-3991
-4281
-4556
-4413
-4080
-4374
-4117
-4547
-4083
-3991
-4133
-4193
-4308
-4005
-4563
-4330
-4221
-4094
-4190
-4567
-4283
-4463
-4225
-4357
-4031
-4480
-4418
-4350
-4539
-4598
-4062
-4138
-4340
-4487
-4103
-4614
-4401
-3991
-4197
-4217
-4311
-4049
-4237
-4164
-4428
-4446
-4378
-4428
-4388
-4329
-4482
-4642
-4201
-4502
-4557
-4299
-4532
-4037
-4220
-4167
-4151
-4293
-4159
-4232
-4538
-4517
-4160
-4342
-4606
-4044
-4101
-4044
-4094
-4193
-4430
-4364
-4251
-4590
-4482
-4052
-4525
-4227
-4326
-4396
-4121
-4617
-4148
-4402
-4584
-4586
-4310
-4439
-4610
-4503
-4430
-4177
-4628
-4098
-4368
-4228
-4643
-4500
-4364
-4405
-4266
-4348
-4612
-4496
-4189
-4453
-4253
-4126
-4503
-4653
-4399
-4501
-4468
-4121
-4613
-4215
-4171
-4589
-4647
-4331
-4635
-4191
-4303
-4179
-4652
-4685
-4549
-4122
-4299
-4427
-4513
-4263
-4718
-4447
-4269
-4248
-4119
-4098
-4136
-4298
-4391
-4171
-4579
-4148
-4617
-4427
-4468
-4356
-4224
-4345
-4536
-4466
-4736
-4402
-4119
-4428
-4464
-4449
-4370
-4706
-4543
-4707
-4444
-4640
-4691
-4705
-4335
-4753
-4324
-4204
-4633
-4756
-4312
-4148
-4243
-4133
-4712
-4203
-4318
-4406
-4402
-4374
-4282
-4529
-4269
-4229
-4638
-4171
-4672
-4262
-4367
-4714
-4390
-4192
-4584
-4772
-4320
-4545
-4442
-4271
-4286
-4563
-4368
-4657
-4469
-4715
-4545
-4339
-4617
-4364
-4309
-4759
-4414
-4644
-4517
-4586
-4713
-4441
-4350
-4530
-4426
-4645
-4435
-4760
-4601
-4312
-4468
-4749
-4789
-4435
-4329
-4526
-4346
-4418
-4634
-4207
-4709
-4656
-4419
-4750
-4823
-4749
-4395
-4534
-4671
-4331
-4587
-4442
-4742
-4527
-4573
-4548
-4300
-4574
-4770
-4345
-4564
-4292
-4768
-4551
-4226
-4423
-4441
-4333
-4332
-4473
-4404
-4339
-4801
-4398
-4393
-4428
-4484
-4570
-4599
-4709
-4327
-4328
-4246
-4797
-4479
-4285
-4688
-4531
-4697
-4692
-4243
-4638
-4752
-4661
-4449
-4501
-4420
-4553
-4518
-4711
-4883
-4858
-4307
-4795
-4323
-4264
-4554
-4873
-4454
-4454
-4341
-4324
-4774
-4679
-4460
-4818
-4381
-4817
-4705
-4900
-4790
-4409
-4696
-4314
-4332
-4607
-4890
-4490
-4920
-4330
-4452
-4700
-4314
-4310
-4517
-4372
-4434
-4711
-4493
-4575
-4658
-4354
-4570
-4893
-4859
-4338
-4488
-4581
-4602
-4885
-4730
-4373
-4519
-4419
-4481
-4386
-4404
-4478
-4779
-4534
-4920
-4740
-4799
-4404
-4807
-4775
-4411
-4678
-4671
-4712
-4845
-4321
-4831
-4922
-4941
-4840
-4720
-4457
-4795
-4636
-4852
-4657
-4790
-4750
-4409
-4951
-4734
-4833
-4836
-4772
-4640
-4855
-4587
-4416
-4779
-4979
-4530
-4499
-4783
-4439
-4350
-4631
-4876
-4462
-4987
-4475
-4501
-4932
-4685
-4366
-4656
-4932
-4667
-4941
-4932
-4732
-4509
-4385
-4732
-4543
-4968
-4673
-4770
-4449
-4891
-5017
-4906
-4585
-4995
-4706
-4548
-4535
-4620
-4390
-4746
-4916
-4411
-4833
-4968
-5003
-4435
-4641
-4756
-4399
-4813
-4982
-4837
-4600
-4964
-4488
-4704
-4925
-4549
-4812
-4627
-4641
-4938
-4957
-4743
-4789
-4459
-4479
-5020
-4901
-5005
-4445
-4716
-4509
-4516
-4568
-4789
-4564
-4776
-5008
-4594
-4883
-4669
-5034
-4775
-4968
-4741
-4637
-5016
-4438
-5054
-4574
-4685
-4735
-5068
-4882
-4563
-5070
-4533
-4476
-5048
-4518
-4612
-4723
-4694
-4475
-4811
-4944
-4593
-4673
-4996
-4800
-5053
-4717
-5068
-4464
-4786
-4487
-4926
-4613
-4955
-4829
-4609
-4479
-4659
-4989
-4732
-5007
-4752
-4909
-4706
-4596
-4746
-4871
-5041
-4498
-4994
-4868
-4926
-4964
-4495
-4735
-5007
-4621
-4930
-5116
-5031
-4757
-4811
-4615
-4817
-5108
-4880
-4983
-4951
-5073
-4767
-4833
-5052
-4716
-4769
-4860
-4699
-4605
-5004
-5082
-4621
-4899
-4930
-4632
-4572
-4969
-4993
-4734
-5054
-4717
-4748
-4712
-5076
-5128
-4899
-5007
-4705
-4602
-4739
-4934
-4693
-4741
-4677
-4551
-4694
-4920
-5070
-5036
-4564
-4570
-4646
-4585
-5182
-4633
-5030
-4570
-4724
-5053
-4671
-4930
-4880
-5172
-5169
-5150
-4908
-4555
-5031
-4901
-4766
-5056
-4900
-4717
-4920
-4811
-5140
-5007
-4785
-5097
-4788
-4628
-5100
-4970
-4900
-5187
-4933
-4706
-5072
-4696
-4593
-4766
-5082
-4765
-4842
-4872
-4697
-4711
-4657
-4640
-4669
-4899
-4786
-4940
-4822
-5002
-4778
-5225
-4836
-4675
-5129
-4726
-4967
-4638
-5099
-5130
-4932
-4744
-4997
-4827
-5041
-5091
-5092
-5154
-4956
-4741
-4778
-4796
-4925
-5169
-4753
-4870
-4796
-4869
-5201
-4739
-4748
-4892
-4869
-5218
-5246
-4954
-5240
-4678
-5190
-4898
-4912
-4645
-4689
-5186
-5259
-5159
-4786
-5178
-4982
-5165
-4773
-5035
-4789
-4952
-5237
-5082
-4670
-5228
-4693
-4885
-5162
-4760
-4915
-4716
-5060
-5021
-4673
-4883
-5139
-5028
-4894
-4903
-5138
-4733
-5215
-4765
-5185
-5292
-4984
-5201
-5122
-5094
-5121
-4808
-4757
-5056
-4869
-4896
-4712
-4867
-5219
-4851
-5194
-5223
-5223
-4775
-5051
-5046
-4857
-5287
-4811
-4786
-4841
-5317
-5205
-5030
-5105
-5163
-4701
-5266
-4798
-5286
-5031
-5125
-5275
-5086
-4795
-5073
-4776
-5032
-5291
-5064
-4952
-4812
-4927
-4990
-5213
-5227
-4880
-4821
-4985
-5122
-5028
-4793
-5137
-4868
-4779
-5193
-4937
-5109
-4738
-5216
-5177
-4958
-5374
-4886
-5125
-5253
-5032
-4969
-5127
-5161
-5349
-5039
-5021
-5317
-5126
-5059
-5134
-4786
-4920
-4983
-5141
-4837
-4806
-5267
-5386
-4893
-4777
-5269
-4986
-5076
-5214
-5218
-4855
-5231
-5223
-5391
-5252
-5401
-5322
-5140
-4965
-4941
-5039
-5024
-4971
-5386
-5036
-5233
-4856
-5400
-5398
-4997
-5408
-4997
-5068
-5360
-5094
-5034
-5061
-5331
-5422
-5339
-5019
-5019
-4972
-5184
-5324
-4928
-5216
-5006
-5081
-5291
-4877
-5230
-4927
-5369
-5012
-5010
-5380
-5417
-4857
-4984
-4956
-4830
-5388
-4970
-5218
-4863
-4916
-4869
-5250
-5040
-5334
-5041
-4947
-5192
-5431
-5184
-5054
-4843
-5462
-5377
-5412
-5105
-5354
-4958
-4894
-5350
-5371
-5091
-5374
-5408
-5157
-5206
-5025
-5013
-5415
-5252
-5309
-4931
-5494
-4927
-5070
-5300
-4949
-5075
-5114
-4892
-5184
-5221
-5179
-5427
-5085
-4942
-5032
-4989
-5194
-4945
-5148
-4904
-5263
-5282
-5446
-5226
-5478
-5501
-4881
-5006
-5428
-4940
-5179
-5442
-5504
-5004
-5124
-5086
-5353
-5049
-5527
-5052
-5059
-5024
-5158
-5267
-5419
-5086
-5454
-5221
-4983
-5266
-5523
-5409
-5012
-4963
-5403
-5506
-5046
-5448
-5538
-5073
-4918
-5006
-5191
-5305
-5057
-4932
-5287
-5405
-4948
-5493
-5482
-5005
-5078
-5481
-5074
-5079
-5001
-5306
-5275
-5178
-5541
-5005
-4995
-5515
-5089
-5254
-5380
-5332
-5091
-5189
-5199
-5365
-5493
-5267
-5244
-5320
-4987
-5232
-5553
-5392
-5270
-5415
-5283
-5062
-5483
-5361
-5348
-5229
-5235
-5387
-5509
-5391
-5151
-5194
-5510
-5607
-5235
-5077
-5615
-5557
-5312
-5470
-5572
-5594
-5310
-5447
-5483
-5481
-5034
-5049
-5115
-5397
-5054
-5031
-5296
-5036
-5294
-5589
-5070
-5341
-5630
-5352
-5072
-5185
-5477
-5240
-5284
-5165
-5189
-5124
-5162
-5218
-5063
-5309
-5093
-5543
-5594
-5408
-5479
-5629
-5294
-5410
-5370
-5242
-5260
-5373
-5446
-5480
-5306
-5327
-5286
-5435
-5112
-5654
-5435
-5290
-5426
-5613
-5180
-5589
-5207
-5360
-5399
-5185
-5682
-5585
-5618
-5520
-5198
-5279
-5100
-5325
-5086
-5598
-5174
-5107
-5467
-5366
-5419
-5582
-5240
-5589
-5654
-5342
-5474
-5244
-5176
-5687
-5578
-5291
-5416
-5534
-5311
-5387
-5609
-5623
-5683
-5244
-5206
-5656
-5463
-5155
-5289
-5613
-5569
-5135
-5627
-5621
-5530
-5540
-5492
-5218
-5324
-5111
-5400
-5529
-5549
-5493
-5608
-5111
-5650
-5685
-5206
-5734
-5176
-5404
-5607
-5149
-5681
-5572
-5631
-5715
-5617
-5532
-5716
-5453
-5651
-5340
-5427
-5199
-5362
-5627
-5133
-5153
-5327
-5551
-5556
-5685
-5266
-5463
-5520
-5506
-5137
-5155
-5130
-5390
-5191
-5462
-5707
-5317
-5237
-5182
-5669
-5178
-5222
-5245
-5378
-5456
-5337
-5362
-5249
-5209
-5301
-5262
-5337
-5531
-5656
-5646
-5690
-5373
-5440
-5320
-5788
-5543
-5766
-5236
-5592
-5670
-5633
-5727
-5236
-5581
-5627
-5390
-5492
-5397
-5415
-5445
-5530
-5764
-5573
-5796
-5494
-5790
-5214
-5784
-5677
-5320
-5651
-5685
-5482
-5691
-5270
-5328
-5823
-5778
-5402
-5196
-5307
-5316
-5688
-5621
-5393
-5839
-5694
-5638
-5740
-5610
-5708
-5505
-5541
-5762
-5606
-5799
-5709
-5704
-5611
-5595
-5370
-5289
-5709
-5238
-5337
-5242
-5225
-5556
-5676
-5504
-5586
-5295
-5326
-5301
-5836
-5320
-5699
-5289
-5338
-5425
-5737
-5586
-5340
-5572
-5661
-5540
-5366
-5787
-5504
-5602
-5825
-5283
-5502
-5390
-5312
-5662
-5673
-5457
-5314
-5265
-5406
-5693
-5686
-5828
-5593
-5278
-5331
-5701
-5317
-5803
-5569
-5893
-5476
-5460
-5773
-5630
-5721
-5408
-5433
-5481
-5806
-5364
-5655
-5904
-5394
-5575
-5820
-5362
-5397
-5899
-5755
-5509
-5692
-5419
-5422
-5893
-5590
-5747
-5474
-5833
-5920
-5522
-5828
-5361
-5605
-5342
-5487
-5811
-5853
-5847
-5938
-5389
-5562
-5469
-5595
-5934
-5480
-5627
-5818
-5534
-5395
-5565
-5435
-5505
-5540
-5825
-5630
-5424
-5538
-5885
-5730
-5646
-5499
-5685
-5354
-5801
-5533
-5445
-5454
-5523
-5600
-5614
-5598
-5888
-5853
-5512
-5498
-5487
-5929
-5903
-5913
-5611
-5902
-5406
-5937
-5418
-5851
-5453
-5742
-5822
-5873
-5727
-5430
-5473
-5386
-5804
-5873
-5733
-5436
-5400
-5435
-5496
-5683
-5462
-5548
-5543
-5999
-5870
-5716
-5736
-5751
-5521
-5800
-5402
-5808
-5396
-5634
-5759
-5670
-5789
-5556
-5758
-5786
-5576
-5788
-5641
-5582
-5692
-5763
-6012
-6028
-5593
-5777
-5425
-5509
-5991
-5461
-5729
-5698
-5843
-5877
-5568
-5892
-5933
-5482
-6007
-5824
-5634
-5655
-5479
-5646
-5677
-5657
-5686
-5991
-5979
-5622
-5544
-5429
-5901
-5752
-5822
-5618
-6051
-5735
-6054
-5723
-5446
-5686
-5796
-6072
-5566
-5996
-5698
-5562
-5863
-5567
-5463
-5575
-5661
-5637
-5662
-5974
-5495
-6032
-5945
-5772
-6086
-5834
-5935
-6036
-5871
-5516
-5856
-5668
-5889
-5814
-5923
-5770
-6036
-5931
-5631
-5945
-6066
-5618
-5925
-6055
-5538
-5741
-5735
-5975
-5764
-5964
-6007
-6026
-5867
-5841
-6043
-5503
-5872
-5808
-6124
-5717
-5751
-5570
-5525
-5935
-6059
-5795
-5624
-5592
-6069
-5864
-5977
-6126
-5544
-5696
-6112
-5611
-5657
-5505
-5526
-5671
-5731
-5938
-5584
-5609
-6056
-6138
-5999
-5788
-6124
-5589
-6049
-5799
-5927
-5739
-5647
-5820
-6116
-5986
-6103
-5568
-5562
-5638
-5909
-5536
-5655
-5618
-5750
-5870
-5542
-5907
-5646
-5888
-5854
-6058
-6158
-5734
-5646
-6154
-6072
-5559
-5800
-5925
-5920
-5586
-5980
-5736
-5565
-5928
-5654
-5843
-6183
-5619
-5821
-6116
-6178
-5752
-6003
-5703
-5948
-5602
-5622
-6028
-6195
-5706
-5937
-5735
-5710
-5866
-5587
-6115
-6000
-5750
-5591
-6213
-5598
-6203
-5763
-5646
-5584
-5711
-5636
-5635
-6029
-5946
-6199
-5974
-5724
-5942
-6135
-5718
-6113
-6104
-5854
-5633
-6170
-5647
-5719
-6031
-6109
-6174
-5672
-6176
-6047
-5965
-5781
-6240
-5821
-6140
-5964
-5689
-5683
-5880
-6180
-5787
-5839
-6156
-6063
-5921
-6209
-5966
-5902
-6238
-5663
-5698
-5677
-6090
-5661
-6112
-5996
-6096
-5986
-5992
-6193
-6142
-6028
-6117
-6094
-6125
-5873
-6113
-6226
-5942
-5671
-5916
-6289
-5873
-6000
-6020
-6130
-6004
-5934
-6208
-6159
-5986
-5938
-5682
-6214
-6035
-6091
-6048
-5851
-5737
-5870
-5866
-6281
-6173
-5803
-5770
-6317
-6176
-5733
-6089
-6139
-5959
-6117
-5689
-5690
-6166
-6268
-5728
-5887
-6288
-6236
-5902
-5732
-5881
-5882
-5886
-5849
-6236
-5706
-6066
-6096
-6200
-5971
-6087
-6280
-6306
-5958
-5846
-6071
-5960
-6200
-5710
-6327
-5799
-6015
-5889
-6050
-6322
-6192
-6243
-6153
-5965
-5796
-6161
-5745
-5999
-6008
-6063
-5866
-5870
-5781
-5864
-6074
-6038
-6094
-5938
-5749
-5845
-6348
-5764
-5884
-6027
-5790
-6019
-6167
-5983
-6277
-5812
-6225
-6153
-6008
-5814
-6367
-5904
-5968
-6220
-6035
-6271
-6005
-5825
-5903
-5759
-5892
-5806
-6402
-6038
-6034
-6087
-6026
-5782
-6026
-5943
-6174
-5853
-5798
-6008
-5876
-5916
-5998
-6211
-6386
-5812
-6415
-6410
-5792
-6095
-6272
-5982
-6379
-6207
-5835
-6251
-5846
-6052
-5915
-5903
-5900
-6293
-6020
-5998
-6090
-6297
-6081
-6099
-5870
-6095
-6371
-5991
-5945
-6347
-5877
-5992
-5882
-6235
-5917
-5870
-5913
-6067
-6393
-6257
-6320
-6085
-6310
-6400
-6353
-5940
-5997
-5861
-6413
-6468
-6199
-6410
-6061
-6158
-6360
-6120
-5874
-6191
-6387
-6341
-6189
-5956
-6143
-6327
-6236
-6400
-5854
-6116
-6266
-6206
-5891
-5976
-6479
-5866
-6370
-6463
-5976
-6251
-6233
-6004
-6459
-6363
-6278
-6457
-6318
-6019
-6018
-6316
-6427
-6184
-6169
-6153
-6378
-6120
-6278
-6083
-6206
-6483
-6484
-6178
-6478
-6233
-5894
-6053
-6333
-6190
-6000
-6088
-6200
-6319
-6165
-6261
-6337
-6075
-5977
-6087
-6512
-6375
-5969
-5974
-6507
-5957
-6213
-6432
-6361
-6417
-6070
-6157
-6398
-6469
-6266
-6041
-6386
-6228
-6355
-6487
-6483
-6056
-6411
-6311
-6197
-6025
-6122
-6125
-6149
-6551
-6018
-6053
-6410
-6428
-6011
-6473
-6232
-6090
-6324
-6060
-6004
-6295
-6377
-6156
-6388
-5978
-6191
-5978
-6402
-6064
-6509
-6334
-6406
-6116
-6063
-6259
-6551
-6471
-6485
-6189
-6554
-6399
-6132
-6039
-6225
-6085
-6000
-6591
-6347
-6468
-6189
-6087
-6430
-6081
-6169
-6005
-6073
-6498
-6320
-6119
-6226
-6449
-6401
-6614
-6060
-6090
-6182
-6561
-6227
-6563
-6085
-6386
-6361
-6347
-6305
-6407
-6484
-6418
-6537
-6218
-6502
-6355
-6022
-6180
-6370
-6124
-6397
-6374
-6252
-6542
-6265
-6465
-6600
-6082
-6064
-6496
-6486
-6489
-6241
-6406
-6027
-6435
-6613
-6418
-6610
-6655
-6220
-6093
-6348
-6473
-6269
-6160
-6188
-6169
-6489
-6552
-6274
-6392
-6097
-6099
-6339
-6321
-6617
-6295
-6464
-6098
-6075
-6593
-6094
-6460
-6671
-6394
-6212
-6395
-6245
-6286
-6216
-6265
-6266
-6257
-6452
-6411
-6289
-6688
-6653
-6154
-6654
-6088
-6264
-6523
-6127
-6294
-6624
-6427
-6245
-6540
-6242
-6236
-6167
-6250
-6274
-6599
-6124
-6196
-6590
-6238
-6371
-6311
-6207
-6721
-6331
-6397
-6350
-6250
-6724
-6619
-6128
-6195
-6474
-6630
-6655
-6498
-6452
-6722
-6615
-6501
-6391
-6612
-6530
-6183
-6519
-6490
-6740
-6151
-6231
-6428
-6721
-6610
-6469
-6638
-6425
-6525
-6201
-6227
-6279
-6338
-6700
-6648
-6740
-6481
-6503
-6516
-6538
-6542
-6488
-6169
-6558
-6208
-6242
-6338
-6559
-6610
-6250
-6275
-6246
-6505
-6673
-6515
-6210
-6722
-6429
-6608
-6356
-6506
-6625
-6564
-6753
-6531
-6302
-6667
-6623
-6748
-6652
-6228
-6435
-6231
-6372
-6490
-6480
-6692
-6805
-6166
-6687
-6252
-6669
-6679
-6516
-6675
-6706
-6808
-6696
-6807
-6593
-6450
-6524
-6225
-6711
-6186
-6361
-6760
-6190
-6527
-6765
-6731
-6552
-6200
-6572
-6505
-6503
-6557
-6386
-6212
-6464
-6250
-6349
-6477
-6513
-6347
-6536
-6338
-6342
-6217
-6682
-6385
-6479
-6779
-6533
-6729
-6295
-6808
-6364
-6503
-6407
-6780
-6846
-6607
-6287
-6391
-6498
-6682
-6764
-6824
-6355
-6726
-6713
-6385
-6567
-6328
-6764
-6600
-6637
-6428
-6793
-6327
-6338
-6458
-6541
-6571
-6841
-6833
-6281
-6258
-6804
-6677
-6851
-6578
-6443
-6497
-6283
-6456
-6379
-6489
-6742
-6540
-6505
-6561
-6423
-6836
-6498
-6387
-6364
-6635
-6859
-6478
-6512
-6621
-6290
-6480
-6331
-6390
-6325
-6464
-6516
-6399
-6861
-6639
-6422
-6379
-6885
-6868
-6894
-6439
-6914
-6650
-6500
-6589
-6315
-6588
-6379
-6852
-6719
-6373
-6420
-6890
-6526
-6407
-6420
-6722
-6852
-6716
-6671
-6459
-6408
-6900
-6331
-6428
-6407
-6558
-6930
-6672
-6638
-6553
-6706
-6328
-6944
-6922
-6446
-6512
-6659
-6688
-6335
-6933
-6798
-6526
-6757
-6645
-6504
-6418
-6434
-6731
-6923
-6655
-6481
-6596
-6538
-6597
-6790
-6783
-6841
-6740
-6824
-6620
-6394
-6399
-6446
-6440
-6444
-6613
-6957
-6768
-6463
-6888
-6944
-6880
-6408
-6711
-6556
-6909
-6492
-6954
-6877
-6935
-6675
-6412
-6493
-6450
-6540
-6668
-6482
-6548
-6711
-6388
-6832
-6944
-6976
-6472
-6786
-6506
-7007
-6429
-6637
-6646
-6586
-6579
-6800
-6629
-6393
-6894
-6554
-6589
-6546
-7015
-7012
-6747
-6779
-7008
-6790
-6857
-6480
-6482
-6594
-6972
-6772
-6470
-6756
-6792
-6637
-6655
-6936
-6556
-6966
-6716
-6450
-6781
-6487
-6751
-6741
-6922
-6941
-6976
-6600
-6694
-6773
-6714
-6984
-6891
-6600
-6873
-6437
-7073
-6693
-6720
-6595
-6976
-6473
-6790
-6452
-6883
-7078
-6477
-6499
-6584
-6696
-6972
-6967
-6953
-6630
-6969
-7084
-6624
-6562
-6743
-7006
-6942
-6717
-7086
-6647
-6818
-7017
-6880
-6531
-6594
-6605
-6623
-6663
-6679
-6960
-6900
-7114
-6755
-6588
-6974
-7040
-6796
-6673
-6906
-7065
-6509
-6595
-6544
-6962
-6899
-6761
-7128
-6951
-6770
-6863
-7000
-7064
-6973
-6972
-6971
-6675
-6711
-6508
-7117
-6527
-7046
-7143
-6852
-6980
-6882
-6552
-6793
-6840
-7139
-6913
-6591
-6768
-6972
-6762
-6642
-6649
-7139
-7123
-6601
-6599
-6987
-6904
-6599
-6920
-6636
-6818
-6702
-6617
-7115
-6971
-6816
-6904
-7108
-6925
-7177
-7006
-6660
-6984
-6902
-6643
-6640
-6731
-6561
-6894
-6753
-7117
-6661
-7018
-7175
-6929
-6673
-6910
-6862
-6839
-7019
-7117
-7098
-6987
-7156
-6674
-6659
-6728
-6914
-6744
-7107
-7109
-6896
-6979
-7084
-6847
-7081
-6618
-6978
-7194
-6730
-7109
-7009
-7034
-7080
-6716
-7018
-7106
-6759
-6766
-6920
-6925
-7031
-7189
-6649
-7101
-6882
-6993
-6776
-7160
-7179
-6972
-7079
-7124
-6696
-7110
-7078
-6755
-7058
-7109
-7138
-7024
-6776
-7107
-7070
-7192
-6935
-7001
-6630
-6715
-7035
-7029
-6846
-7043
-6924
-6641
-7029
-6786
-7236
-6796
-6714
-6799
-7226
-7139
-6632
-6651
-7262
-7163
-6898
-6834
-7200
-6818
-6685
-7017
-6643
-6871
-6882
-6982
-7206
-6808
-6775
-6749
-6661
-7101
-7230
-7199
-6758
-6795
-6775
-6820
-7115
-7057
-7100
-6846
-6716
-7045
-6700
-6804
-6793
-7221
-6819
-6775
-7074
-6810
-6680
-6841
-7038
-7147
-7300
-6874
-7227
-7129
-7194
-7257
-7257
-6953
-7205
-7218
-6952
-7270
-7030
-7025
-6760
-6787
-7246
-7097
-6951
-7069
-6848
-7237
-7338
-6708
-7134
-7267
-6727
-6921
-7087
-7272
-7107
-7276
-6898
-7019
-7118
-6942
-6762
-7315
-6776
-6763
-7173
-6971
-7239
-6738
-7130
-7085
-7198
-7098
-7193
-6830
-6902
-6743
-7285
-6951
-7282
-7263
-7343
-7174
-6826
-7351
-7058
-7345
-7047
-7073
-7099
-7324
-7139
-7148
-7204
-7015
-6756
-7218
-7241
-6753
-6891
-6841
-6799
-7147
-6945
-6815
-7186
-7320
-7190
-6997
-7160
-7184
-7147
-7308
-7103
-7050
-6868
-7070
-7135
-7228
-6954
-7152
-6781
-6788
-7185
-6791
-6977
-7103
-7041
-6874
-7072
-7119
-7123
-6865
-7249
-7242
-7248
-7124
-7277
-6892
-7175
-7185
-7017
-7065
-7231
-6863
-7015
-7407
-6865
-7094
-7335
-7125
-6809
-6865
-7054
-7401
-7020
-6933
-7062
-6880
-6984
-7147
-7356
-7104
-7406
-7009
-7236
-6909
-7424
-6970
-6960
-7266
-6955
-7077
-7072
-6835
-6953
-6887
-6860
-7178
-7088
-7198
-7349
-6977
-6934
-6942
-7067
-7301
-6841
-7249
-7459
-7310
-7459
-7423
-6993
-6870
-6978
-7170
-7273
-6847
-7255
-7103
-7196
-7255
-7347
-7284
-7308
-7345
-7258
-7481
-7073
-7452
-6990
-6950
-7389
-7178
-7257
-7026
-7487
-7088
-6917
-7343
-7355
-6935
-6917
-6952
-7372
-7071
-7119
-7369
-7249
-7320
-7439
-7443
-6960
-7429
-7480
-7203
-7391
-7050
-7330
-7500
-7363
-6911
-7126
-7248
-7477
-7269
-6912
-7203
-6937
-7245
-7327
-7015
-7217
-7323
-7197
-7018
-6953
-7032
-7193
-7548
-7355
-7436
-7196
-7366
-7304
-7115
-7074
-7482
-7283
-7222
-6976
-6923
-7389
-7559
-6956
-7379
-7060
-7398
-7083
-7056
-7454
-7119
-7494
-6981
-7477
-7160
-7191
-7466
-7450
-7336
-6940
-7368
-7494
-7316
-7296
-7397
-7347
-6958
-7493
-7123
-7450
-7199
-7566
-7363
-7265
-7548
-7090
-7023
-7146
-7451
-7488
-7422
-7458
-7295
-7306
-7455
-7548
-7027
-7044
-7119
-7417
-7139
-7105
-7402
-7105
-6976
-7086
-7285
-7589
-7333
-7335
-7408
-6986
-7506
-7396
-7415
-7609
-7271
-6991
-7428
-7541
-7472
-7305
-6993
-7293
-7549
-7072
-7295
-7447
-7179
-7623
-7143
-7508
-7275
-7457
-7551
-7389
-7532
-7636
-7364
-7092
-7509
-7453
-7328
-7601
-7093
-7236
-7057
-7201
-7595
-7084
-7150
-7417
-7135
-7037
-7144
-7205
-7394
-7256
-7473
-7219
-7572
-7099
-7234
-7420
-7515
-7352
-7460
-7172
-7050
-7649
-7319
-7246
-7402
-7197
-7518
-7258
-7610
-7169
-7514
-7225
-7683
-7689
-7356
-7610
-7107
-7275
-7562
-7191
-7624
-7485
-7646
-7222
-7619
-7212
-7642
-7236
-7385
-7413
-7676
-7320
-7419
-7599
-7641
-7479
-7385
-7108
-7637
-7700
-7408
-7203
-7648
-7455
-7366
-7513
-7487
-7238
-7582
-7211
-7438
-7221
-7614
-7218
-7156
-7484
-7562
-7561
-7129
-7209
-7293
-7316
-7591
-7213
-7140
-7586
-7264
-7705
-7174
-7602
-7440
-7601
-7365
-7377
-7500
-7265
-7242
-7446
-7585
-7327
-7341
-7660
-7359
-7520
-7369
-7472
-7504
-7610
-7343
-7503
-7721
-7381
-7293
-7242
-7503
-7509
-7437
-7263
-7235
-7448
-7721
-7683
-7584
-7510
-7320
-7276
-7401
-7762
-7567
-7462
-7282
-7401
-7362
-7659
-7374
-7715
-7463
-7703
-7212
-7637
-7457
-7485
-7750
-7278
-7270
-7601
-7386
-7768
-7681
-7640
-7487
-7650
-7717
-7336
-7808
-7727
-7562
-7762
-7777
-7548
-7708
-7290
-7365
-7259
-7422
-7533
-7698
-7661
-7264
-7734
-7326
-7406
-7750
-7789
-7645
-7729
-7358
-7747
-7400
-7688
-7623
-7725
-7433
-7746
-7329
-7302
-7447
-7789
-7704
-7258
-7592
-7699
-7373
-7469
-7482
-7830
-7636
-7401
-7616
-7568
-7505
-7288
-7343
-7347
-7297
-7741
-7368
-7467
-7700
-7660
-7757
-7275
-7278
-7805
-7686
-7332
-7390
-7733
-7558
-7357
-7829
-7628
-7558
-7295
-7356
-7697
-7601
-7360
-7786
-7518
-7784
-7297
-7748
-7825
-7617
-7556
-7601
-7337
-7724
-7769
-7844
-7510
-7722
-7600
-7847
-7591
-7638
-7479
-7606
-7632
-7559
-7508
-7491
-7353
-7848
-7311
-7700
-7816
-7433
-7775
-7883
-7347
-7779
-7795
-7457
-7889
-7690
-7400
-7677
-7710
-7757
-7880
-7432
-7838
-7928
-7295
-7625
-7641
-7539
-7802
-7723
-7426
-7775
-7662
-7646
-7873
-7476
-7595
-7497
-7566
-7467
-7873
-7530
-7372
-7458
-7644
-7453
-7704
-7393
-7568
-7490
-7544
-7924
-7662
-7350
-7448
-7406
-7952
-7582
-7349
-7861
-7948
-7508
-7793
-7619
-7519
-7565
-7967
-7840
-7666
-7774
-7934
-7768
-7415
-7695
-7878
-7452
-7685
-7763
-7720
-7416
-7443
-7729
-7399
-7694
-7456
-7571
-7808
-7675
-7899
-7571
-7941
-7549
-7510
-7653
-7885
-7995
-7808
-7863
-7770
-7409
-7833
-7784
-8010
-7494
-7670
-7739
-7539
-7636
-7628
-7475
-7757
-7577
-7553
-7390
-7498
-7481
-7397
-7697
-7532
-7902
-7728
-7752
-7521
-7787
-8035
-7783
-7577
-7928
-7588
-7558
-7639
-7978
-8042
-7558
-7833
-7928
-7854
-7930
-7868
-7900
-7878
-7921
-7823
-7479
-7424
-7727
-7864
-7786
-7486
-7891
-7975
-7506
-7452
-7602
-7877
-7752
-7874
-7811
-8044
-7890
-7470
-7643
-7801
-7598
-8064
-7976
-7579
-8004
-7905
-7687
-7715
-7820
-7802
-7968
-7919
-7691
-7927
-8066
-7859
-7702
-8045
-7713
-7971
-7788
-8006
-7816
-7758
-7608
-7818
-7775
-7899
-8029
-7922
-7920
-7953
-7634
-7618
-7624
-7494
-7644
-7611
-7939
-7848
-7801
-7644
-7726
-7578
-8008
-7708
-7582
-7746
-7948
-7846
-7537
-7838
-7681
-8125
-7681
-7796
-7638
-7930
-7758
-7655
-7557
-7796
-7984
-8022
-7920
-7739
-7691
-7535
-8046
-7800
-7753
-8017
-8109
-7989
-8123
-8093
-8017
-7668
-7969
-7902
-7713
-7835
-7894
-7605
-7866
-8000
-7822
-7942
-7815
-8089
-8009
-7673
-7945
-7823
-7802
-7780
-7930
-8136
-8018
-7705
-7848
-7589
-8073
-7774
-7629
-7903
-7770
-7984
-8028
-7553
-8059
-7930
-8159
-7598
-7843
-7727
-8070
-7971
-7732
-8145
-7710
-7999
-7787
-7731
-7873
-8182
-7787
-7871
-7851
-8068
-7993
-7735
-7946
-7763
-8007
-7955
-7880
-7623
-8028
-8207
-7675
-8191
-8115
-8012
-7884
-8010
-8155
-7709
-8095
-8132
-7737
-7789
-7636
-8115
-7888
-8180
-7777
-8129
-7915
-7903
-7902
-7941
-7808
-7743
-8141
-7968
-7915
-8234
-8098
-8229
-8053
-7716
-7803
-7971
-8244
-8045
-7837
-8172
-8146
-8182
-8098
-7894
-7641
-7973
-8091
-7980
-7900
-7886
-7947
-8066
-7898
-7999
-7997
-7745
-8080
-7923
-7988
-8231
-7678
-7973
-7635
-7842
-7901
-7968
-8005
-8199
-7934
-7758
-7668
-7719
-7663
-7646
-7886
-8034
-8137
-8083
-7981
-8046
-7699
-8150
-8271
-7922
-8155
-7954
-8033
-7980
-7926
-7946
-8063
-7742
-7814
-7879
-7995
-8247
-8289
-8262
-7923
-7990
-7876
-8206
-7828
-7829
-7679
-7843
-7996
-8160
-7863
-8083
-7853
-8076
-7880
-8054
-7697
-7845
-8017
-8145
-7968
-7805
-7972
-7967
-7757
-7800
-8057
-8288
-8223
-8184
-7740
-8197
-8217
-7966
-8235
-8253
-7793
-7846
-8066
-8129
-7877
-8104
-8239
-7744
-8342
-7902
-8126
-8341
-8237
-8230
-7818
-7911
-7849
-8066
-7876
-8105
-8292
-8101
-7804
-8227
-7918
-8002
-7865
-7857
-8328
-8290
-8186
-8290
-7845
-8294
-7979
-7741
-7758
-7812
-8283
-7794
-8099
-8357
-8208
-8126
-8045
-8388
-8388
-8387
-8246
-7770
-7982
-7768
-8015
-8030
-8064
-8011
-7905
-8262
-7867
-8398
-8198
-8065
-7812
-7936
-8356
-7834
-8288
-8308
-7979
-7893
-8196
-7847
-7969
-8102
-8120
-7855
-7842
-8380
-8419
-7873
-8333
-7894
-8291
-8212
-8376
-8017
-7885
-8272
-7831
-7939
-7799
-8003
-7819
-8358
-7985
-8316
-8124
-7801
-7833
-8415
-8236
-8077
-7846
-8233
-7985
-8450
-8005
-7998
-8296
-8395
-8155
-8172
-8165
-7919
-8114
-7896
-8011
-7919
-8315
-8183
-7968
-8217
-8362
-8080
-8263
-7845
-8371
-7999
-7849
-8070
-8206
-8024
-8317
-8449
-8389
-8393
-7863
-8016
-8052
-8221
-8312
-8339
-7998
-8065
-8472
-8229
-7948
-8416
-8206
-8108
-8136
-8226
-8388
-8422
-8023
-8013
-8351
-8441
-8061
-8228
-8226
-8305
-8483
-8269
-8000
-8307
-8073
-8425
-8336
-7955
-8379
-8170
-7877
-8442
-8056
-8438
-8040
-8277
-8202
-8092
-8375
-8326
-7971
-8421
-8192
-8378
-8378
-8503
-7892
-8489
-8004
-8349
-8076
-7975
-8440
-8303
-8496
-8331
-8142
-8117
-8502
-8388
-8283
-8519
-8316
-8140
-7981
-8538
-7936
-8329
-8248
-8182
-8033
-7920
-8429
-7997
-8061
-8152
-8512
-8337
-8073
-8341
-8521
-8425
-8224
-8217
-7942
-7980
-7944
-8493
-7941
-8063
-8261
-8427
-7992
-8236
-8182
-8312
-8177
-8183
-8330
-8498
-8104
-8096
-8167
-8456
-8023
-8174
-8520
-8048
-8242
-8313
-8572
-8292
-8437
-8171
-8086
-8183
-8341
-8531
-8375
-7967
-8589
-8037
-8270
-8046
-8197
-8100
-8290
-8144
-8428
-8544
-8548
-7985
-8410
-8530
-8273
-8385
-8098
-8043
-8010
-8356
-8239
-8614
-8038
-8115
-8360
-8626
-8192
-8068
-8333
-8190
-8272
-8278
-8613
-8068
-8031
-8233
-8165
-8268
-8168
-8291
-8178
-8550
-8569
-8025
-8507
-8260
-8154
-8613
-8548
-8274
-8263
-8039
-8589
-8576
-8326
-8382
-8470
-8519
-8648
-8188
-8036
-8222
-8115
-8504
-8580
-8541
-8303
-8375
-8420
-8663
-8290
-8501
-8342
-8122
-8379
-8278
-8625
-8567
-8621
-8538
-8230
-8422
-8196
-8191
-8396
-8626
-8564
-8656
-8262
-8551
-8367
-8330
-8346
-8668
-8576
-8368
-8498
-8423
-8484
-8292
-8294
-8554
-8124
-8404
-8388
-8702
-8306
-8571
-8317
-8316
-8405
-8496
-8548
-8144
-8610
-8229
-8412
-8552
-8558
-8433
-8185
-8276
-8632
-8710
-8221
-8157
-8344
-8138
-8731
-8440
-8620
-8588
-8713
-8498
-8211
-8218
-8482
-8318
-8486
-8361
-8377
-8359
-8332
-8561
-8690
-8498
-8553
-8658
-8490
-8188
-8188
-8511
-8604
-8666
-8310
-8741
-8546
-8686
-8197
-8208
-8197
-8210
-8393
-8547
-8608
-8242
-8289
-8412
-8459
-8231
-8368
-8708
-8475
-8181
-8255
-8374
-8548
-8279
-8264
-8290
-8179
-8456
-8280
-8331
-8397
-8702
-8492
-8518
-8659
-8728
-8158
-8271
-8293
-8393
-8709
-8270
-8191
-8436
-8615
-8446
-8758
-8648
-8679
-8232
-8624
-8347
-8473
-8538
-8625
-8475
-8650
-8750
-8523
-8708
-8381
-8410
-8199
-8355
-8485
-8555
-8805
-8440
-8569
-8815
-8730
-8590
-8487
-8489
-8636
-8725
-8676
-8759
-8447
-8553
-8721
-8689
-8667
-8252
-8256
-8540
-8503
-8756
-8314
-8795
-8583
-8772
-8560
-8780
-8455
-8799
-8374
-8759
-8352
-8416
-8251
-8667
-8864
-8668
-8288
-8657
-8591
-8272
-8325
-8864
-8616
-8745
-8598
-8522
-8714
-8861
-8705
-8576
-8345
-8702
-8546
-8427
-8557
-8824
-8684
-8542
-8790
-8776
-8329
-8466
-8587
-8352
-8727
-8306
-8834
-8621
-8734
-8531
-8542
-8718
-8607
-8656
-8562
-8341
-8594
-8354
-8398
-8664
-8762
-8338
-8861
-8900
-8350
-8616
-8663
-8822
-8723
-8388
-8813
-8536
-8805
-8521
-8508
-8707
-8365
-8700
-8648
-8583
-8345
-8601
-8890
-8322
-8503
-8465
-8691
-8639
-8394
-8541
-8713
-8515
-8351
-8689
-8937
-8907
-8767
-8708
-8774
-8623
-8344
-8362
-8439
-8462
-8346
-8685
-8894
-8782
-8642
-8883
-8819
-8365
-8942
-8940
-8427
-8752
-8739
-8762
-8940
-8822
-8643
-8542
-8889
-8934
-8380
-8604
-8519
-8396
-8642
-8529
-8640
-8691
-8488
-8580
-8839
-8612
-8896
-8845
-8468
-8454
-8483
-8440
-8379
-8859
-8478
-8979
-8444
-8992
-8755
-8540
-8666
-8743
-8424
-8554
-8449
-9003
-8534
-8548
-8791
-8952
-8701
-8764
-8503
-8720
-8406
-8754
-8924
-8896
-8462
-8648
-8513
-8927
-8721
-8770
-8900
-8880
-8910
-8642
-8458
-8689
-8929
-8457
-8753
-8648
-8850
-8560
-8655
-8977
-8507
-8547
-8558
-9037
-8583
-8987
-8901
-8557
-8466
-8661
-8862
-9001
-8852
-8708
-8891
-8906
-8495
-8865
-8566
-8755
-8784
-9054
-8793
-8903
-8862
-9060
-8484
-8485
-8813
-8900
-8511
-8904
-8833
-8605
-8648
-8786
-8635
-8539
-8919
-8440
-8502
-8771
-8793
-8869
-8839
-8635
-8492
-8891
-8916
-8462
-8610
-8814
-8955
-8686
-9068
-8979
-8738
-8720
-8849
-8783
-8471
-8551
-8764
-8787
-8493
-8536
-8511
-8515
-9040
-8476
-8675
-9094
-8840
-8985
-8696
-8638
-8930
-8820
-8628
-9029
-8747
-8960
-8490
-9005
-8507
-9110
-8673
-9008
-8700
-8694
-9016
-9061
-8717
-8951
-8873
-8968
-8865
-8764
-8601
-8803
-9044
-8928
-8807
-8604
-8839
-8777
-9115
-9083
-8543
-8884
-8706
-8654
-8937
-8859
-8624
-8812
-8515
-9149
-8820
-8764
-9034
-8936
-8684
-8750
-8542
-8552
-8558
-8727
-9039
-9016
-8644
-9007
-8732
-8990
-9057
-9105
-8584
-8946
-8821
-8887
-8628
-9173
-8852
-8660
-8673
-9010
-8966
-9058
-8714
-9120
-8595
-8974
-9038
-9166
-8785
-9038
-8985
-8646
-8710
-8656
-8981
-8706
-8829
-9023
-8671
-8683
-8982
-8803
-9076
-9096
-9060
-8815
-9091
-9164
-8909
-9074
-9137
-8872
-8956
-9071
-8851
-8705
-8852
-8984
-8861
-8863
-8582
-9148
-8772
-8953
-8807
-8897
-8877
-8680
-8720
-8907
-8829
-9140
-8836
-8971
-8799
-8912
-8699
-9098
-8936
-9088
-8851
-8673
-8731
-8815
-9150
-8773
-9201
-9202
-9104
-9215
-9129
-8828
-8979
-8915
-9226
-8956
-9077
-8670
-8626
-8701
-8739
-8865
-8647
-8979
-9192
-9026
-9204
-9057
-9143
-9221
-8889
-8930
-9198
-8998
-8744
-8659
-9075
-9049
-8834
-8871
-8930
-8735
-9028
-8802
-9155
-8705
-8974
-8959
-8795
-8980
-8666
-9285
-8663
-9169
-8858
-8989
-8724
-8928
-8881
-8716
-8825
-9246
-8921
-8818
-8772
-9061
-9082
-9243
-8799
-8693
-8799
-9165
-8955
-8964
-8678
-8909
-8819
-8744
-9103
-9066
-8776
-8720
-9167
-8755
-8878
-9001
-8731
-9016
-8753
-8733
-9211
-8924
-9248
-9010
-9138
-8867
-8860
-8976
-9224
-9303
-9304
-8719
-8760
-8733
-8734
-8893
-8736
-9187
-8865
-8806
-8830
-8766
-9289
-8880
-9277
-9010
-9034
-9096
-8815
-9011
-9205
-9227
-9342
-8988
-8728
-9191
-9165
-9185
-8771
-9125
-9013
-9341
-9302
-9055
-8853
-8872
-9063
-9308
-8966
-8981
-8989
-8785
-9195
-8930
-9011
-9228
-9205
-8771
-9116
-9216
-9187
-9195
-9145
-9260
-8980
-9219
-9224
-9387
-9306
-8761
-8972
-8990
-9028
-9386
-9101
-8780
-8921
-9364
-9400
-8924
-8958
-8782
-9403
-9369
-9294
-9318
-8805
-8964
-8849
-9146
-9280
-8999
-9036
-8947
-9214
-9163
-9323
-9092
-9181
-8799
-9274
-9182
-8978
-9318
-9219
-9349
-8918
-9194
-9217
-8916
-9392
-9405
-9135
-8968
-9340
-9010
-9312
-8811
-9281
-9304
-9135
-8882
-8861
-8872
-9294
-9395
-9113
-9005
-9092
-9352
-9461
-8836
-9295
-8994
-9363
-8944
-9005
-8892
-9234
-9319
-9363
-9001
-8967
-8874
-9081
-8837
-9452
-9089
-8987
-9183
-9045
-8923
-9413
-8909
-9317
-9467
-9346
-9171
-9082
-9104
-9023
-9068
-9217
-8875
-8906
-8952
-9118
-8891
-8916
-9198
-8895
-8951
-9014
-8992
-9049
-9345
-9418
-9246
-8913
-9105
-9375
-9027
-8974
-8944
-9498
-8958
-9088
-8978
-8983
-8954
-9177
-8896
-9153
-9089
-9449
-9184
-9459
-9329
-8915
-9007
-9415
-9447
-8933
-9466
-9437
-9353
-9247
-9214
-9259
-9248
-9069
-9249
-9406
-9417
-8908
-9203
-9165
-9345
-9161
-8991
-9461
-9286
-8965
-9077
-9464
-9105
-9263
-9443
-9503
-9094
-9431
-8942
-9076
-9111
-8945
-9117
-9115
-9514
-8987
-9065
-9188
-9499
-8995
-9296
-9537
-9083
-8953
-9053
-8982
-9398
-9053
-9198
-9584
-8956
-9227
-9400
-9234
-9363
-9156
-9282
-9070
-9024
-9356
-9106
-9145
-9379
-9128
-9131
-9188
-9456
-9380
-9147
-9345
-9239
-9375
-9268
-9078
-9546
-9345
-9359
-9059
-8973
-9314
-9013
-9574
-9112
-9456
-9047
-9014
-9239
-9180
-9117
-9277
-9093
-9322
-9192
-9247
-9143
-9226
-9391
-9489
-9530
-9104
-9385
-9147
-9404
-9034
-9118
-9471
-9338
-9189
-9256
-9458
-9500
-9306
-9309
-9097
-9488
-9501
-9636
-9060
-9506
-9591
-9035
-9204
-9355
-9357
-9628
-9613
-9495
-9029
-9289
-9128
-9550
-9481
-9297
-9168
-9398
-9174
-9259
-9342
-9672
-9373
-9325
-9208
-9446
-9460
-9135
-9336
-9244
-9121
-9132
-9072
-9198
-9365
-9669
-9288
-9258
-9430
-9467
-9499
-9166
-9374
-9511
-9352
-9498
-9679
-9292
-9082
-9439
-9408
-9502
-9470
-9472
-9562
-9177
-9688
-9323
-9266
-9589
-9708
-9493
-9578
-9322
-9717
-9448
-9550
-9400
-9295
-9093
-9484
-9693
-9200
-9150
-9550
-9297
-9590
-9559
-9322
-9186
-9671
-9198
-9691
-9581
-9464
-9400
-9239
-9694
-9382
-9428
-9422
-9486
-9501
-9470
-9436
-9234
-9300
-9746
-9315
-9331
-9606
-9677
-9595
-9588
-9311
-9238
-9692
-9165
-9145
-9595
-9656
-9237
-9601
-9663
-9151
-9495
-9762
-9552
-9734
-9587
-9642
-9444
-9399
-9631
-9689
-9485
-9512
-9233
-9526
-9483
-9314
-9381
-9573
-9193
-9374
-9221
-9523
-9319
-9204
-9420
-9249
-9427
-9292
-9356
-9485
-9581
-9291
-9603
-9346
-9241
-9397
-9503
-9630
-9394
-9723
-9668
-9490
-9386
-9462
-9779
-9398
-9595
-9363
-9358
-9627
-9670
-9620
-9426
-9669
-9629
-9824
-9795
-9549
-9729
-9644
-9459
-9638
-9237
-9350
-9478
-9377
-9485
-9824
-9261
-9226
-9440
-9216
-9210
-9360
-9202
-9542
-9218
-9493
-9513
-9821
-9329
-9380
-9349
-9569
-9838
-9376
-9265
-9802
-9513
-9824
-9372
-9325
-9837
-9841
-9669
-9581
-9344
-9463
-9602
-9655
-9844
-9422
-9668
-9407
-9767
-9387
-9265
-9425
-9742
-9252
-9661
-9780
-9672
-9348
-9799
-9587
-9588
-9368
-9738
-9603
-9478
-9328
-9891
-9331
-9689
-9409
-9389
-9344
-9550
-9625
-9675
-9730
-9565
-9558
-9549
-9495
-9358
-9378
-9569
-9844
-9591
-9875
-9434
-9618
-9375
-9303
-9426
-9889
-9292
-9505
-9688
-9459
-9522
-9610
-9913
-9352
-9461
-9715
-9480
-9649
-9520
-9680
-9824
-9679
-9329
-9315
-9666
-9804
-9828
-9645
-9330
-9322
-9349
-9745
-9680
-9387
-9538
-9543
-9878
-9924
-9834
-9324
-9405
-9369
-9954
-9615
-9881
-9760
-9952
-9696
-9750
-9872
-9780
-9840
-9461
-9589
-9353
-9810
-9885
-9876
-9685
-9647
-9936
-9809
-9355
-9716
-9926
-9406
-9757
-9398
-9921
-9947
-9815
-9678
-9828
-9891
-9975
-9595
-9749
-9514
-9650
-9840
-9560
-9481
-9808
-9608
-9549
-9965
-9597
-9385
-9977
-9465
-9999
-9657
-9820
-9835
-9514
-9421
-9634
-9882
-10010
-9430
-9595
-9809
-9421
-10009
-9405
-9775
-9514
-9734
-9438
-9747
-9478
-9957
-9390
-10002
-9858
-9801
-9985
-9589
-9640
-9750
-9853
-9885
-9819
-9889
-9438
-9867
-9589
-9634
-9990
-9439
-9825
-9552
-9534
-9845
-9867
-9491
-9829
-9656
-9889
-9688
-9447
-9447
-9462
-9879
-9912
-10013
-9738
-9916
-9469
-9553
-9860
-9881
-10008
-9431
-9801
-9735
-9723
-9726
-9687
-9716
-9710
-9437
-9944
-9515
-9747
-9674
-9988
-9469
-9971
-9655
-9662
-9532
-9745
-10045
-9747
-9830
-9454
-9630
-9712
-9716
-9548
-9577
-9801
-9872
-9541
-9860
-9794
-9561
-9532
-9856
-9731
-9793
-10093
-9758
-9757
-10085
-9982
-10085
-9657
-9807
-9755
-9794
-9512
-9802
-9666
-9476
-9894
-10082
-9561
-10089
-9580
-10028
-9533
-9988
-9501
-9542
-10102
-9959
-9931
-9843
-9524
-9557
-10055
-9761
-9839
-9550
-9791
-10014
-9600
-9863
-9900
-9601
-9990
-9881
-9715
-9706
-10006
-9590
-9670
-9598
-9949
-10128
-9894
-9880
-9980
-9624
-9720
-9905
-9782
-9731
-9593
-9796
-10057
-9645
-9894
-9738
-10144
-10014
-10056
-10121
-9606
-9879
-9661
-9592
-9963
-9665
-9638
-9742
-9852
-9703
-9732
-9799
-9599
-9787
-9949
-10017
-9607
-10068
-10103
-10055
-9806
-9667
-9874
-9910
-10151
-9653
-9705
-9683
-9974
-10096
-9580
-10173
-9870
-10203
-10200
-9731
-9893
-9619
-9972
-9924
-10040
-10104
-9764
-10016
-9594
-9955
-9882
-9679
-9579
-10217
-10118
-9824
-9714
-10195
-9587
-10170
-9877
-9935
-9766
-10226
-9596
-9950
-9855
-9807
-9635
-10150
-9999
-9637
-10117
-9718
-9949
-9815
-9983
-9750
-10102
-9736
-10077
-10108
-10082
-9661
-9678
-10087
-9802
-9651
-10091
-9812
-9776
-9812
-9848
-9844
-10068
-9655
-9743
-9676
-9742
-9756
-9783
-9809
-9886
-9931
-10117
-10055
-9984
-9874
-9822
-10260
-10024
-10137
-10166
-9694
-9934
-9845
-9765
-10076
-10017
-9989
-9692
-9878
-9695
-9813
-10114
-9718
-9724
-10043
-9750
-9885
-9997
-10107
-9802
-10123
-9747
-10034
-10265
-10008
-10015
-9979
-10287
-9961
-9757
-9746
-9944
-9951
-9889
-10284
-9726
-9829
-10272
-9942
-9686
-10291
-9707
-9970
-9874
-10037
-9855
-9894
-10128
-9917
-9939
-10263
-10216
-10155
-10144
-10157
-10027
-9808
-9890
-10058
-10157
-9976
-9915
-10292
-9867
-10057
-10057
-9732
-9876
-9963
-10252
-10176
-10070
-9782
-9977
-10291
-10218
-9849
-9911
-10037
-10166
-10114
-10250
-9862
-10354
-10292
-10366
-9837
-9865
-10141
-9977
-10236
-10281
-10343
-10291
-9839
-10149
-9969
-10239
-10202
-9851
-10325
-10092
-10279
-10029
-9858
-10137
-10311
-9802
-10207
-9916
-9809
-9796
-9812
-10160
-10010
-9847
-10291
-10083
-10063
-10007
-10136
-10095
-10196
-10357
-10316
-10195
-10035
-9785
-10137
-10197
-9910
-10272
-10244
-10116
-10112
-10137
-10065
-9874
-10397
-10049
-10152
-9847
-10322
-9951
-9868
-9871
-10289
-10131
-9856
-10061
-10017
-10007
-9795
-9891
-9913
-10191
-10081
-10231
-10138
-10353
-9987
-10026
-10038
-10098
-9802
-9898
-9958
-9987
-9866
-10149
-9996
-10299
-10028
-9816
-10393
-10064
-10185
-10107
-10239
-10197
-10358
-10008
-10153
-10247
-10265
-9963
-10055
-10435
-10186
-9910
-9893
-9884
-10005
-9907
-9988
-10332
-9941
-10118
-10072
-10358
-10228
-10405
-10144
-10078
-9963
-10323
-9848
-10369
-9859
-9854
-10113
-9990
-10438
-10060
-9924
-9868
-10466
-10257
-9913
-9894
-10071
-10071
-10364
-10445
-10468
-10282
-10430
-10094
-10193
-9936
-10408
-10399
-10249
-10498
-10190
-10038
-10491
-10314
-10427
-10367
-9965
-10016
-10036
-9905
-9991
-10051
-10285
-9972
-10139
-10108
-10067
-9983
-10385
-10031
-10018
-10503
-10439
-10087
-9940
-10518
-10379
-10064
-10349
-10304
-10361
-10416
-10211
-10186
-10304
-10065
-10308
-10303
-10336
-10434
-10545
-10304
-10387
-10394
-9992
-10192
-10077
-9925
-10017
-10553
-10230
-9945
-10228
-10281
-9969
-10286
-10224
-10191
-10263
-10293
-10379
-10047
-10513
-10495
-10188
-9981
-10255
-10459
-10319
-10389
-10162
-10521
-10531
-10142
-10463
-10061
-9960
-10474
-10539
-10103
-10132
-10065
-10543
-10458
-10279
-10478
-10171
-10593
-9991
-10084
-10592
-9973
-10600
-10144
-10289
-9977
-10033
-10137
-10483
-10128
-10530
-10437
-10250
-10338
-10185
-10248
-10144
-10383
-10535
-10435
-10004
-10106
-10022
-10136
-10314
-10238
-10208
-10261
-10423
-10577
-10472
-10135
-10441
-10593
-10372
-10156
-10581
-10230
-10589
-10439
-10357
-10502
-10544
-10550
-10580
-10043
-10427
-10460
-10054
-10349
-10025
-10048
-10040
-10528
-10028
-10431
-10028
-10469
-10523
-10360
-10648
-10556
-10153
-10148
-10299
-10501
-10659
-10268
-10360
-10156
-10078
-10591
-10520
-10484
-10488
-10401
-10444
-10457
-10085
-10321
-10261
-10554
-10394
-10049
-10349
-10405
-10447
-10361
-10352
-10470
-10166
-10638
-10659
-10159
-10445
-10273
-10213
-10690
-10357
-10456
-10270
-10226
-10477
-10432
-10557
-10646
-10221
-10381
-10176
-10462
-10204
-10465
-10375
-10396
-10137
-10711
-10513
-10218
-10594
-10232
-10433
-10216
-10705
-10238
-10102
-10546
-10628
-10333
-10309
-10235
-10356
-10102
-10215
-10478
-10363
-10450
-10473
-10231
-10570
-10207
-10227
-10354
-10354
-10707
-10731
-10655
-10466
-10528
-10656
-10416
-10492
-10284
-10230
-10229
-10651
-10350
-10476
-10381
-10207
-10211
-10740
-10413
-10724
-10446
-10504
-10498
-10262
-10270
-10130
-10523
-10747
-10278
-10584
-10735
-10672
-10777
-10692
-10325
-10527
-10587
-10701
-10281
-10369
-10417
-10434
-10468
-10340
-10386
-10743
-10191
-10716
-10465
-10154
-10518
-10571
-10762
-10708
-10220
-10754
-10573
-10637
-10383
-10442
-10485
-10530
-10173
-10779
-10194
-10235
-10500
-10175
-10467
-10516
-10617
-10239
-10320
-10463
-10684
-10663
-10409
-10753
-10582
-10661
-10719
-10823
-10310
-10491
-10424
-10234
-10407
-10793
-10489
-10576
-10238
-10324
-10543
-10466
-10409
-10271
-10353
-10607
-10829
-10625
-10575
-10682
-10570
-10414
-10218
-10346
-10519
-10582
-10856
-10777
-10824
-10651
-10556
-10478
-10629
-10842
-10381
-10595
-10348
-10482
-10496
-10714
-10426
-10731
-10518
-10645
-10478
-10798
-10499
-10303
-10337
-10432
-10828
-10657
-10846
-10526
-10759
-10734
-10584
-10450
-10546
-10783
-10474
-10290
-10586
-10511
-10574
-10736
-10801
-10303
-10751
-10758
-10861
-10885
-10485
-10711
-10619
-10854
-10811
-10820
-10487
-10591
-10789
-10492
-10855
-10445
-10441
-10346
-10868
-10317
-10317
-10771
-10897
-10540
-10733
-10916
-10547
-10518
-10355
-10703
-10455
-10450
-10445
-10291
-10471
-10777
-10476
-10739
-10667
-10750
-10883
-10483
-10578
-10564
-10729
-10666
-10726
-10617
-10626
-10554
-10861
-10726
-10426
-10896
-10337
-10763
-10682
-10822
-10921
-10610
-10315
-10747
-10796
-10566
-10946
-10322
-10686
-10778
-10450
-10449
-10654
-10356
-10787
-10440
-10658
-10439
-10747
-10956
-10788
-10766
-10421
-10782
-10884
-10413
-10890
-10666
-10418
-10362
-10856
-10523
-10398
-10773
-10753
-10644
-10774
-10953
-10570
-10602
-10621
-10822
-10372
-10735
-10402
-10971
-10432
-10619
-10489
-10914
-10770
-10604
-10616
-10940
-10377
-10533
-10402
-10529
-10995
-10980
-10525
-10727
-10783
-10765
-10445
-10704
-10681
-10845
-10553
-10598
-10490
-10796
-10545
-10494
-10973
-10705
-10410
-10835
-11013
-10618
-10546
-10482
-10535
-10847
-10551
-10553
-10458
-10669
-10506
-10763
-10425
-10765
-10681
-10522
-10752
-10688
-10549
-10677
-10955
-10462
-10785
-10750
-10510
-10859
-10478
-10582
-10548
-10790
-10915
-10880
-10764
-10705
-11065
-10785
-10889
-10798
-10699
-11070
-10929
-10865
-10892
-10656
-10977
-10461
-10640
-10885
-10666
-10821
-10784
-10492
-10780
-10816
-10729
-10745
-10810
-10510
-10991
-10633
-10565
-10702
-11073
-10656
-10786
-11076
-11027
-10491
-10962
-11039
-10474
-10895
-10552
-11013
-10738
-11004
-10834
-10655
-10904
-10957
-10672
-10895
-10689
-10880
-11024
-10964
-10830
-10696
-10642
-10611
-11054
-10701
-10909
-10536
-10692
-10770
-10518
-10920
-10905
-10978
-10531
-10949
-10910
-10665
-10967
-11088
-10589
-10706
-11037
-11022
-10895
-10587
-10565
-10641
-11138
-10851
-10906
-10943
-10913
-10969
-11066
-10631
-10857
-10727
-10573
-11123
-10743
-10896
-10549
-11019
-11025
-11043
-10541
-10800
-10741
-11082
-10966
-10629
-10809
-10773
-10544
-10966
-11158
-10878
-11167
-10785
-11043
-10542
-11017
-10918
-10833
-10787
-11143
-10614
-10763
-10633
-10866
-11167
-10820
-10684
-11034
-10899
-10992
-10963
-10853
-10887
-10778
-10777
-10619
-10614
-10616
-10925
-10878
-10919
-10617
-11149
-11194
-11029
-11006
-11008
-10788
-10824
-11137
-11141
-10703
-10902
-10949
-11218
-11063
-10961
-11193
-11194
-10848
-10860
-11152
-11192
-10713
-10898
-10697
-10721
-10948
-10988
-10765
-10899
-11140
-10827
-11224
-11185
-10754
-10875
-10683
-10721
-10752
-10943
-11141
-11057
-10844
-11234
-10994
-10946
-10822
-11195
-10651
-10717
-11131
-10687
-11022
-10839
-10974
-10634
-10979
-11210
-10998
-10808
-10855
-10910
-10661
-11082
-11183
-11071
-11158
-11150
-10666
-10714
-10834
-10822
-10845
-11254
-10704
-11242
-11270
-11231
-11099
-10668
-10811
-10921
-10831
-10814
-10820
-11074
-11110
-11037
-10946
-11000
-10855
-11096
-10762
-10794
-11014
-11204
-11171
-11231
-10825
-10854
-10841
-11145
-10776
-10776
-10844
-11221
-11043
-10958
-11234
-11092
-11033
-10894
-10878
-11305
-11268
-10826
-11138
-10751
-10946
-11163
-10732
-10763
-11041
-11247
-10721
-10830
-11231
-11049
-10899
-10966
-10961
-11107
-11095
-11336
-11203
-10898
-10802
-10705
-11015
-11062
-11049
-11003
-11330
-11289
-10988
-11105
-10788
-11179
-11331
-10720
-10830
-11162
-11317
-11247
-11033
-10914
-10830
-11052
-11210
-11120
-10875
-11241
-11335
-11240
-10790
-11175
-11370
-10996
-11337
-10909
-10858
-10859
-11209
-11012
-11203
-11003
-11321
-10773
-10867
-10826
-11139
-11000
-11251
-10802
-11181
-10891
-11135
-11187
-11280
-11318
-11087
-11212
-11205
-11385
-11177
-11373
-11270
-11283
-10869
-10939
-11215
-10993
-11317
-11267
-10891
-11284
-11279
-11252
-11063
-11133
-11386
-11350
-11192
-11248
-11356
-10831
-11389
-11192
-11255
-11276
-11182
-11202
-11053
-10961
-11268
-11151
-11419
-11034
-11129
-11116
-11173
-11303
-11300
-11081
-11431
-11076
-10987
-11087
-10912
-10821
-11335
-11238
-10936
-11113
-11233
-11268
-11325
-11136
-11196
-11437
-10915
-11424
-11079
-11325
-10874
-11347
-10873
-11456
-11122
-11290
-11027
-11164
-11080
-11175
-11218
-11242
-10966
-10841
-10927
-10874
-11240
-11310
-11085
-11234
-11166
-10982
-11135
-10951
-11108
-11018
-11389
-11147
-11288
-11039
-11340
-10929
-10943
-11278
-11317
-11143
-11474
-10896
-10978
-11462
-10928
-11100
-11425
-11182
-10917
-11175
-11101
-11492
-11088
-10888
-11405
-10949
-10943
-11360
-11314
-11481
-11156
-11089
-10932
-11127
-11070
-11230
-11383
-11330
-10893
-11277
-11271
-11494
-11454
-11312
-11053
-11098
-11235
-11315
-11069
-11535
-11214
-11149
-11125
-11267
-11291
-11040
-11172
-11129
-11187
-11322
-11248
-11428
-11233
-11441
-11258
-11191
-11216
-11543
-11109
-11364
-11053
-11515
-11021
-11083
-11180
-11231
-11360
-11058
-11273
-11386
-11075
-11124
-11145
-10988
-11564
-11495
-11538
-11437
-11247
-11412
-11099
-11484
-11539
-11271
-11472
-11036
-11315
-11085
-11566
-11544
-11462
-10971
-11100
-11085
-11506
-11443
-11553
-11580
-11133
-11461
-11313
-11181
-11409
-11367
-11449
-11239
-11501
-11350
-11466
-11423
-11144
-11357
-11524
-11226
-11448
-11133
-11457
-11450
-11385
-11120
-11526
-11376
-11462
-11597
-11227
-11099
-11435
-11141
-11426
-11228
-11144
-11004
-11306
-11005
-11465
-11433
-11348
-11608
-11424
-11266
-11557
-11354
-11332
-11278
-11437
-11474
-11402
-11023
-11129
-11603
-11409
-11644
-11202
-11555
-11387
-11283
-11188
-11313
-11183
-11492
-11444
-11221
-11162
-11493
-11517
-11497
-11258
-11583
-11128
-11451
-11171
-11120
-11285
-11450
-11449
-11563
-11040
-11243
-11247
-11415
-11631
-11344
-11405
-11508
-11078
-11298
-11631
-11594
-11518
-11501
-11309
-11555
-11309
-11669
-11410
-11324
-11277
-11098
-11580
-11139
-11124
-11269
-11178
-11691
-11702
-11074
-11301
-11548
-11306
-11362
-11442
-11207
-11412
-11253
-11472
-11328
-11701
-11506
-11091
-11338
-11345
-11191
-11599
-11659
-11664
-11513
-11430
-11487
-11608
-11446
-11640
-11721
-11271
-11479
-11320
-11556
-11272
-11636
-11667
-11716
-11300
-11154
-11460
-11692
-11638
-11485
-11365
-11124
-11189
-11352
-11681
-11536
-11220
-11242
-11331
-11317
-11356
-11472
-11557
-11751
-11519
-11212
-11430
-11382
-11403
-11507
-11184
-11201
-11735
-11537
-11596
-11627
-11205
-11179
-11688
-11769
-11467
-11212
-11179
-11293
-11523
-11774
-11601
-11409
-11400
-11540
-11425
-11282
-11193
-11490
-11495
-11678
-11365
-11170
-11486
-11384
-11253
-11359
-11749
-11761
-11308
-11284
-11457
-11443
-11209
-11468
-11234
-11172
-11404
-11340
-11768
-11202
-11200
-11430
-11471
-11491
-11343
-11619
-11688
-11490
-11545
-11206
-11633
-11507
-11428
-11541
-11620
-11567
-11657
-11691
-11226
-11814
-11237
-11516
-11246
-11272
-11200
-11643
-11259
-11544
-11578
-11384
-11254
-11832
-11486
-11688
-11811
-11721
-11342
-11776
-11272
-11222
-11556
-11214
-11339
-11683
-11489
-11688
-11494
-11242
-11756
-11674
-11301
-11718
-11590
-11570
-11417
-11449
-11397
-11630
-11600
-11647
-11824
-11656
-11765
-11728
-11298
-11412
-11508
-11651
-11857
-11689
-11492
-11256
-11497
-11710
-11825
-11348
-11752
-11595
-11696
-11602
-11566
-11321
-11478
-11561
-11513
-11608
-11368
-11529
-11876
-11746
-11584
-11820
-11457
-11702
-11642
-11881
-11287
-11582
-11626
-11472
-11792
-11426
-11607
-11510
-11553
-11613
-11739
-11292
-11573
-11365
-11475
-11855
-11459
-11879
-11720
-11408
-11793
-11406
-11748
-11607
-11363
-11359
-11636
-11821
-11809
-11621
-11838
-11689
-11451
-11425
-11509
-11874
-11653
-11447
-11498
-11696
-11662
-11395
-11670
-11414
-11536
-11645
-11799
-11867
-11458
-11909
-11644
-11718
-11354
-11366
-11394
-11586
-11584
-11566
-11660
-11472
-11469
-11618
-11878
-11595
-11848
-11741
-11586
-11781
-11505
-11368
-11390
-11618
-11874
-11392
-11538
-11439
-11448
-11659
-11633
-11450
-11907
-11940
-11551
-11420
-11413
-11422
-11871
-11863
-11866
-11811
-11505
-11916
-11946
-11892
-11840
-11445
-11885
-11482
-11791
-11478
-11960
-11892
-11380
-11514
-11560
-11975
-11929
-11764
-11384
-11554
-11377
-11649
-11663
-11604
-11761
-11415
-11508
-11801
-11513
-11640
-12009
-11561
-11656
-11928
-11765
-11819
-11531
-11898
-11730
-11616
-12005
-11665
-11931
-11536
-11842
-11521
-12022
-11888
-11883
-11671
-11483
-11479
-11615
-11978
-12004
-11607
-11534
-11888
-12010
-11502
-11673
-11937
-11506
-11593
-11493
-11851
-11762
-11567
-11739
-11732
-12024
-11500
-11694
-11688
-11589
-11994
-11748
-11769
-11639
-11985
-11521
-11688
-11708
-11765
-12072
-12003
-11718
-11741
-11959
-12038
-11661
-12030
-11719
-11770
-11879
-11546
-11857
-11597
-11784
-11487
-11693
-11952
-11602
-11530
-11917
-11975
-11795
-11698
-11692
-11807
-12060
-12101
-11895
-11686
-12032
-11853
-11977
-11874
-11501
-11592
-11799
-11914
-11777
-11929
-11573
-11955
-11485
-11683
-11863
-11560
-11716
-11641
-12094
-11656
-11993
-11922
-11489
-11703
-11784
-12034
-11765
-11596
-12133
-11990
-12008
-11710
-11536
-12141
-11947
-11961
-11614
-11543
-11832
-11537
-11715
-11888
-11959
-11534
-11731
-11608
-11919
-11851
-12047
-11592
-11571
-11960
-11905
-11909
-12035
-11840
-12042
-11623
-11800
-11571
-11679
-11794
-11689
-12045
-12087
-12138
-11607
-12011
-11913
-11773
-11805
-11716
-12049
-12147
-11660
-11768
-12028
-12055
-12066
-11715
-11689
-12032
-11683
-11795
-11724
-11710
-11885
-11661
-11883
-11855
-12160
-11604
-11761
-11586
-12012
-11940
-11740
-12020
-12006
-11821
-11581
-12188
-11750
-11770
-11936
-11884
-12202
-11600
-12215
-11992
-11998
-11984
-11757
-11681
-11865
-12197
-11684
-11809
-11700
-12049
-11723
-12007
-12085
-11954
-11671
-11936
-11937
-11625
-11996
-12124
-11680
-12138
-11638
-12143
-12204
-12063
-11990
-12089
-11846
-11629
-11737
-12206
-11937
-11678
-11835
-11814
-11673
-11732
-11981
-11964
-11679
-11803
-12070
-11962
-12070
-12226
-11637